src/wind/output.json
{"header": {"discipline":0,"disciplineName":"Meteorological products","gribEdition":2,"gribLength":89774,"center":7,"centerName":"US National Weather Service - NCEP(WMC)","subcenter":0,"refTime":"2024-10-30T00:00:00.000Z","significanceOfRT":1,"significanceOfRTName":"Start of forecast","productStatus":0,"productStatusName":"Operational products","productType":1,"productTypeName":"Forecast products","productDefinitionTemplate":0,"productDefinitionTemplateName":"Analysis/forecast at horizontal level/layer at a point in time","parameterCategory":2,"parameterCategoryName":"Momentum","parameterNumber":3,"parameterNumberName":"V-component_of_wind","parameterUnit":"m.s-1","genProcessType":2,"genProcessTypeName":"Forecast","forecastTime":0,"surface1Type":6,"surface1TypeName":"Maximum wind level","surface1Value":0.0,"surface2Type":255,"surface2TypeName":"Missing","surface2Value":0.0,"gridDefinitionTemplate":0,"gridDefinitionTemplateName":"Latitude_Longitude","numberPoints":65160,"shape":6,"shapeName":"Earth spherical with radius of 6,371,229.0 m","gridUnits":"degrees","resolution":48,"winds":"true","scanMode":64,"nx":360,"ny":181,"basicAngle":0,"subDivisions":0,"lo1":0.0,"la1":-90.0,"lo2":359.0,"la2":90.0,"dx":1.0,"dy":1.0}, "data":
[rows 0 to 37 of 181, columns 0 to 85 of 360]
7.4,7.3,7.2,7.0,6.9,6.7,6.6,6.4,6.3,6.1,6.0,5.8,5.7,5.5,5.3,5.2,5.0,4.8,4.7,4.5,4.3,4.2,4.0,3.8,3.6,3.5,3.3,3.1,2.9,2.7,2.5,2.4,2.2,2.0,1.8,1.6,1.4,1.3,1.1,0.9,0.7,0.5,0.3,0.1,-0.1,-0.2,-0.4,-0.6,-0.8,-1.0,-1.2,-1.4,-1.5,-1.7,-1.9,-2.1,-2.3,-2.5,-2.6,-2.8,-3.0,-3.2,-3.4,-3.5,-3.7,-3.9,-4.1,-4.2,-4.4,-4.6,-4.8,-4.9,-5.1,-5.2,-5.4,-5.6,-5.7,-5.9,-6.0,-6.2,-6.3,-6.5,-6.6,-6.8,-6.9,-7.1
8.6,8.4,8.3,8.1,8.0,7.8,7.7,7.5,7.3,7.2,7.0,6.8,6.6,6.5,6.3,6.1,5.9,5.7,5.5,5.3,5.2,5.0,4.8,4.6,4.4,4.2,4.0,3.7,3.5,3.3,3.1,2.9,2.7,2.5,2.3,2.1,1.9,1.7,1.4,1.2,1.0,0.8,0.6,0.4,0.2,0.0,-0.2,-0.4,-0.6,-0.8,-1.0,-1.2,-1.4,-1.6,-1.8,-2.1,-2.3,-2.4,-2.6,-2.8,-3.0,-3.2,-3.4,-3.6,-3.8,-4.0,-4.1,-4.3,-4.5,-4.7,-4.8,-5.0,-5.2,-5.3,-5.5,-5.6,-5.8,-5.9,-6.1,-6.2,-6.4,-6.5,-6.6,-6.7,-6.9,-7.0
9.2,9.2,9.1,9.0,8.8,8.6,8.4,8.2,8.0,7.8,7.6,7.4,7.2,7.0,6.8,6.5,6.3,6.0,5.8,5.6,5.3,5.0,4.8,4.5,4.2,4.0,3.7,3.3,3.0,2.1,1.5,1.1,0.8,0.4,0.1,-0.3,-0.6,-0.9,-1.3,-1.6,-1.9,-2.2,-2.5,-2.8,-3.1,-3.4,-3.7,-4.0,-4.3,-4.5,-4.8,-5.1,-5.3,-5.6,-5.8,-6.0,-6.2,-5.3,-5.6,-5.8,-6.1,-6.3,-6.5,-6.8,-7.0,-7.2,-7.4,-7.6,-7.8,-7.9,-8.1,-8.3,-8.4,-8.6,-8.7,-8.8,-8.9,-9.0,-9.1,-9.2,-9.3,-9.3,-9.4,-9.4,-9.4,-9.5
9.6,9.4,9.2,9.1,8.9,5.9,5.9,6.0,6.0,6.0,6.0,5.9,5.8,5.7,5.6,5.4,5.3,5.0,4.8,4.5,4.1,3.8,3.4,3.0,2.6,2.2,1.7,1.2,0.7,0.2,-0.3,-0.8,-1.3,-1.9,-2.4,-2.9,-3.4,-3.9,-4.3,-4.8,-5.3,-5.7,-6.1,-6.5,-6.8,-7.2,-7.5,-7.8,-8.1,-8.3,-8.6,-8.8,-9.0,-9.2,-9.4,-9.6,-9.8,-9.9,-10.2,-10.4,-10.6,-10.8,-11.1,-11.3,-11.5,-11.7,-11.9,-12.1,-12.3,-12.5,-12.7,-12.8,-12.9,-13.0,-13.1,-13.1,-13.2,-13.2,-13.2,-13.2,-13.2,-13.1,-13.1,-12.9,-12.8,-12.7
7.1,7.5,7.8,8.1,8.4,8.6,8.9,9.1,9.2,9.4,9.5,9.5,9.5,9.5,9.4,9.2,9.0,8.7,8.3,7.9,7.4,6.9,6.3,5.6,4.9,4.1,3.4,2.6,1.7,0.9,0.0,-0.8,-1.7,-2.5,-3.3,-4.1,-4.9,-5.8,-6.6,-7.6,-8.7,-16.1,-16.6,-17.0,-17.4,-17.7,-18.0,-18.2,-18.3,-18.4,-18.5,-18.5,-18.4,-18.3,-18.2,-18.0,-17.7,-17.4,-17.0,-15.2,-15.1,-14.9,-14.8,-14.6,-12.8,-13.0,-13.1,-13.3,-13.5,-13.7,-13.9,-14.1,-14.3,-14.5,-14.6,-14.8,-15.0,-15.1,-15.2,-15.2,-15.3,-15.3,-15.3,-15.2,-15.1,-15.0
5.4,5.9,6.3,6.8,7.2,7.6,7.9,8.3,8.5,8.8,9.2,9.6,9.9,10.1,10.3,10.4,10.5,10.4,10.2,10.0,9.7,9.2,8.7,8.2,7.5,6.8,6.0,5.2,-6.1,-6.8,-7.5,-8.1,-8.9,-9.5,-10.1,-10.7,-11.4,-12.0,-12.5,-13.1,-13.6,-14.1,-14.5,-15.0,-15.5,-16.2,-16.7,-17.1,-17.4,-17.7,-17.9,-18.1,-18.2,-18.2,-18.1,-18.0,-17.8,-17.5,-17.2,-16.8,-16.3,-15.8,-15.2,-14.5,-13.9,-13.1,-12.4,-13.8,-14.2,-14.1,-14.0,-13.9,-13.8,-12.9,-13.1,-13.3,-13.5,-13.7,-13.9,-14.1,-14.2,-14.3,-14.5,-14.5,-14.6,-14.6
2.9,2.9,3.0,3.5,3.9,4.4,4.8,5.2,5.6,6.0,6.3,6.7,7.0,7.3,7.6,7.9,8.2,8.3,8.4,8.4,8.4,8.2,7.9,7.6,7.2,6.6,-5.4,-5.9,-6.3,-6.8,-7.2,-7.6,-8.7,-9.0,-9.3,-9.6,-10.0,-10.4,-10.7,-11.2,-11.6,-12.1,-13.0,-13.6,-14.1,-14.7,-15.2,-15.7,-16.2,-16.6,-16.9,-17.2,-17.3,-17.4,-17.4,-17.3,-17.1,-16.9,-16.4,-15.9,-15.4,-14.8,-14.2,-14.0,-14.6,-14.3,-13.9,-13.5,-13.1,-12.7,-12.3,-11.9,-11.4,-12.3,-12.0,-11.6,-11.3,-11.3,-11.4,-11.5,-11.7,-11.8,-11.9,-12.0,-12.1,-12.3
-3.3,-2.9,-2.5,-2.2,-1.9,-1.6,-1.4,-1.2,0.5,0.5,0.6,0.6,0.7,0.7,0.8,1.1,1.4,1.6,1.7,1.8,1.9,2.1,2.2,2.3,2.5,2.6,2.7,2.8,2.9,2.9,2.9,-8.0,-8.9,-9.0,-9.1,-9.2,-9.3,-9.5,-9.7,-10.0,-10.9,-11.4,-11.9,-12.4,-13.0,-13.5,-14.1,-14.6,-15.0,-15.4,-16.2,-16.3,-16.4,-16.3,-16.1,-15.9,-15.6,-15.2,-14.8,-14.6,-14.4,-14.1,-13.9,-13.8,-13.7,-13.4,-13.1,-12.7,-12.3,-12.1,-11.8,-11.3,-10.8,-10.2,-9.6,-9.3,-8.7,-9.1,-9.1,-9.1,-9.1,-9.1,-9.2,-9.3,-9.4,-9.6
-5.7,-5.4,-5.0,-4.6,-4.2,-3.9,-1.5,-1.2,-0.9,-0.7,-0.5,-0.3,-0.3,0.4,-0.4,-0.3,-0.4,-0.7,-1.1,-1.6,-2.1,-2.7,-3.3,-3.9,-4.6,-5.1,-5.6,-5.9,-6.1,-6.3,-6.4,-6.5,-6.5,-6.5,-6.5,4.9,5.2,-8.1,-8.5,-8.9,-9.4,-9.9,-10.5,-11.1,-11.7,-13.1,-13.5,-13.8,-14.0,-14.1,-14.2,-14.1,-13.9,-13.7,-13.5,-13.2,-13.1,-13.1,-13.0,-12.9,-12.8,-12.7,-12.4,-12.1,-11.7,-11.3,-10.9,-10.4,-10.4,-10.1,-9.8,-9.5,-9.2,-8.8,-8.3,-7.8,-7.3,-7.2,-7.1,-7.1,-7.0,-7.0,-6.9,-6.9,-7.0,-7.2
-6.7,-8.2,-7.6,-7.1,-6.7,-6.4,-6.0,-5.6,-5.1,-2.8,-2.2,-1.6,-1.1,-0.6,-0.2,0.2,0.5,0.9,1.2,1.5,1.7,0.2,-0.4,-0.7,-1.1,-1.4,-1.8,-2.1,-2.5,-2.8,-3.0,-5.0,-5.1,-5.2,-5.5,-5.9,-6.3,-6.9,-7.5,-8.2,-10.4,-11.0,-11.5,-12.0,-12.3,-12.6,-12.8,-12.8,-12.7,-12.5,-12.3,-12.0,-11.8,-11.6,-11.4,-11.1,-10.9,-10.7,-10.6,-10.2,-9.6,-9.2,-8.8,-8.2,-7.7,-7.6,-7.4,-7.1,-6.9,-6.7,-6.5,-6.3,-6.3,-6.2,-6.2,-6.1,-5.9,-5.7,-5.4,-5.4,-5.3,-5.2,-5.1,5.2,5.5,6.4
-10.7,-10.7,-10.6,-10.4,-10.2,-9.8,-9.5,-9.2,-8.8,-8.4,-8.1,-7.7,-7.3,-6.8,-5.8,-5.7,-5.6,-5.5,-1.3,-0.7,0.0,0.7,1.5,2.2,3.6,4.3,4.6,5.6,6.0,6.3,6.5,6.8,7.1,7.4,7.6,7.9,8.0,-8.7,-9.2,-9.7,-10.2,-10.7,-11.0,-11.3,-11.4,-11.4,-11.3,-11.1,-10.8,-10.5,-10.3,-10.1,-9.7,-9.4,-8.9,-9.0,-9.0,-9.1,-8.8,-8.3,-7.6,-6.8,-6.4,-5.8,-5.3,-4.8,-2.1,-2.1,-2.1,-2.5,-2.6,-2.9,-3.1,-3.5,-3.8,-4.1,-4.1,-5.4,-5.3,-5.1,-4.7,3.5,3.7,4.4,5.0,5.5
-11.4,-11.5,-11.5,-11.4,-11.2,-10.9,-10.6,-10.2,-9.8,-9.5,-9.2,-8.9,-8.6,-8.4,-8.2,-7.9,-7.2,-7.0,-6.8,-6.6,-6.7,-6.5,-6.5,-6.3,0.0,0.4,4.2,4.9,5.5,6.3,7.0,7.5,8.1,8.6,9.1,9.6,9.9,10.2,10.3,10.4,10.4,10.3,10.0,9.7,9.3,-8.9,-8.8,-8.8,-8.8,-8.6,-8.6,-8.8,-8.7,-8.3,-8.4,-8.5,-8.3,-7.8,-7.1,-6.2,-5.6,-0.1,-0.3,-0.5,-0.7,-1.1,-1.3,-1.6,-1.8,-1.8,-1.9,-1.8,-1.6,-1.4,-1.0,-3.2,-3.8,-4.3,-4.7,-4.9,-5.0,-4.8,-4.4,-4.0,-3.5,3.9
-11.5,-11.2,-11.4,-11.4,-11.3,-11.0,-10.6,-10.2,-10.7,-10.5,-10.5,-10.4,-10.0,-9.5,-8.9,-8.2,-8.0,-7.8,-7.5,-2.7,-2.3,-2.3,-2.0,-1.6,-1.2,-0.7,-0.3,0.1,0.5,1.0,1.4,1.8,2.2,8.5,9.3,10.2,11.0,11.6,12.1,12.4,12.4,12.3,11.9,11.3,10.6,9.7,8.5,7.3,-7.4,-8.0,-8.3,-8.4,-8.4,-8.1,-7.9,-7.4,-6.8,-5.8,-5.0,-4.2,-3.2,1.8,1.4,0.9,0.4,-0.1,-0.7,-1.1,-1.5,-1.8,-2.0,-2.0,-2.0,-1.8,-1.6,-1.9,-2.3,-3.2,-3.7,-4.1,-4.5,-4.6,-4.6,-4.4,-4.0,-3.6
-13.1,-13.3,-13.5,-13.5,-13.4,-13.1,-12.6,-12.1,-11.6,-11.0,-10.4,-9.8,-9.2,-8.6,-6.4,-6.0,-5.6,-5.2,-4.8,-4.3,-3.8,-3.4,-2.9,-2.4,-1.9,-1.5,-1.0,-0.5,0.0,0.4,0.9,1.4,1.8,2.3,2.7,3.1,10.7,11.9,12.8,13.5,13.9,14.0,13.8,13.2,12.3,11.2,9.9,5.5,5.4,5.3,-7.0,-7.3,-7.5,-7.5,-7.3,-6.7,-6.0,-5.3,-4.4,-3.5,-2.6,-2.0,-1.7,1.7,1.3,0.8,0.3,-0.2,-0.5,-0.8,-1.5,-2.1,-2.5,-2.8,-2.8,-2.7,-2.3,-1.8,-1.1,-0.7,-4.4,-4.4,-4.4,-4.3,-4.0,-3.6
-14.6,-15.3,-16.0,-16.5,-16.8,-16.6,-16.1,-15.5,-14.6,-13.5,-12.2,-10.9,-9.4,-7.9,-6.5,-5.1,-4.0,-5.5,-5.1,-4.6,-4.2,-3.7,-3.3,-2.9,-2.5,-2.0,-1.6,-1.2,-0.8,-0.3,0.1,0.6,1.1,1.6,2.2,2.7,3.2,3.7,4.2,13.4,14.4,15.1,15.3,15.0,14.3,13.2,6.7,6.8,6.8,6.8,6.7,6.6,-5.4,-5.5,-5.5,-5.2,-4.5,-3.7,2.5,2.8,3.1,2.5,2.8,2.9,2.9,2.0,1.4,0.5,-0.5,-1.3,-1.1,-2.2,-3.2,-4.0,-4.6,-4.8,-4.1,-3.7,-2.9,-2.0,-1.3,-0.4,0.3,0.4,1.0,1.5
-17.2,-17.9,-18.7,-19.5,-19.8,-19.9,-19.5,-18.8,-17.7,-16.5,-15.2,-13.7,-12.2,-10.7,-9.2,-7.6,-6.0,-7.1,-6.8,-6.4,-6.0,-5.5,-5.0,-4.5,-4.0,-3.4,-2.9,-2.3,-1.8,-1.2,-0.6,0.0,0.6,1.1,1.7,2.3,2.4,2.9,3.5,4.1,4.7,15.0,16.1,16.5,16.4,15.7,7.6,7.8,7.9,8.0,7.9,8.1,8.0,7.4,7.2,-2.9,2.9,-2.3,-1.8,2.9,3.0,3.1,2.5,2.6,2.5,1.9,1.3,0.8,0.2,-1.5,-2.9,-4.3,-4.9,-5.2,-5.1,-5.6,-5.8,-5.6,-5.0,-4.2,-3.3,-2.2,-1.1,0.0,1.0,-1.6
-19.0,-19.9,-20.7,-21.1,-21.5,-21.1,-20.3,-19.2,-18.0,-16.8,-15.8,-14.7,-13.4,-12.1,-9.3,-9.0,-8.6,-8.2,-8.4,-8.0,-7.6,-7.1,-6.6,-6.1,-5.6,-5.0,-4.4,-3.8,-3.2,-2.5,-1.9,-1.2,-0.5,0.3,1.0,1.8,2.5,3.3,4.0,4.7,5.4,5.9,5.6,16.9,17.5,17.7,17.2,8.4,8.8,9.1,9.3,9.4,9.3,9.2,9.0,8.7,8.4,8.1,1.3,1.5,1.7,1.8,1.8,1.8,1.6,1.2,0.8,0.3,-1.4,-2.9,-4.1,-4.9,-5.5,-5.9,-6.4,-6.5,-6.5,-6.7,-6.3,-5.6,-4.8,-4.0,-3.1,-3.6,-0.8,-0.4
-18.9,-19.6,-20.3,-20.5,-20.3,-19.7,-19.1,-18.7,-18.0,-17.3,-16.4,-15.6,-14.6,-13.6,-10.1,-9.8,-9.5,-9.2,-8.9,-8.6,-8.3,-7.9,-7.5,-7.1,-6.6,-6.1,-5.5,-4.9,-4.3,-3.6,-2.9,-2.2,-1.6,-0.8,0.1,0.9,1.9,2.8,3.7,4.6,5.4,6.2,6.9,7.4,6.9,19.2,19.3,18.9,9.2,9.6,10.0,10.3,10.5,10.5,10.4,10.3,10.0,9.7,9.4,9.1,8.7,8.4,8.1,7.8,7.6,7.3,7.1,-0.2,-1.1,-2.2,-3.2,-4.2,-5.0,-5.6,-5.9,-6.2,-8.5,-8.4,-8.2,-7.6,-6.9,-5.5,-5.9,-5.3,-4.8,-4.2
-16.0,-16.6,-16.9,-17.1,-16.6,-17.4,-18.0,-18.3,-18.2,-18.0,-17.6,-16.8,-15.7,-11.3,-11.2,-11.0,-10.8,-10.6,-10.4,-10.1,-9.8,-9.5,-9.1,-8.7,-8.3,-7.7,-7.2,-6.6,-5.9,-5.2,-4.4,-3.6,-2.8,-1.9,-1.0,-0.1,0.9,1.9,2.8,3.8,4.7,5.7,6.6,7.5,8.2,8.2,8.7,9.2,9.6,10.1,10.5,10.8,11.1,11.3,11.4,11.4,11.4,11.2,11.0,10.7,10.4,10.0,9.7,9.4,9.1,8.8,8.5,8.2,7.9,7.5,-1.0,-2.3,-3.8,-5.2,-8.3,-9.7,-10.1,-10.3,-9.9,-9.1,-8.3,-7.6,-6.9,-6.3,-5.9,-5.4
-12.7,-13.0,-13.3,-13.6,-13.8,-14.1,-14.4,-15.3,-15.9,-16.6,-16.6,-16.1,-12.9,-13.0,-13.0,-13.0,-13.0,-12.9,-12.8,-12.7,-12.5,-12.2,-11.8,-11.3,-10.8,-10.2,-9.6,-8.9,-8.1,-7.3,-6.4,-5.5,-4.6,-3.6,-2.6,-1.5,-0.5,0.7,1.8,3.0,4.2,5.3,6.4,7.4,8.2,9.0,9.6,10.2,10.6,11.0,11.4,11.7,11.9,12.1,12.3,12.3,12.3,12.2,12.0,11.9,11.6,11.4,11.2,10.9,10.7,10.4,10.1,9.8,9.4,9.0,8.6,8.1,7.6,-6.3,-8.0,-10.2,-10.9,-11.0,-10.6,-9.8,-9.2,-8.5,-8.0,-7.1,-6.6,-6.0
-8.4,-9.0,-9.5,-10.0,-10.5,-11.0,-11.5,-12.0,-12.5,-12.9,-13.3,-13.6,-13.8,-14.0,-14.2,-14.4,-14.5,-14.6,-14.7,-14.7,-14.5,-14.3,-13.9,-13.4,-12.9,-12.2,-11.5,-10.6,-9.7,-8.7,-7.7,-6.7,-5.6,-4.6,-3.5,-2.4,-1.4,-0.3,0.9,2.1,3.3,4.5,5.7,6.9,8.0,9.0,9.9,10.7,11.4,12.0,12.4,12.8,13.1,13.2,13.3,13.3,13.1,13.0,12.8,12.7,12.5,12.4,12.3,12.2,12.0,11.8,11.6,11.3,11.0,10.6,10.2,9.8,9.4,9.0,8.6,8.2,7.9,-10.3,-10.4,6.9,-9.0,-8.3,-7.8,-7.3,-6.9,-6.3
-9.1,-9.7,-10.2,-10.7,-11.2,-11.6,-12.1,-12.6,-13.1,-13.6,-14.1,-14.6,-15.0,-15.3,-15.6,-15.8,-15.9,-16.0,-16.1,-16.0,-15.8,-15.6,-15.3,-14.8,-14.3,-13.6,-12.8,-11.9,-10.8,-9.7,-8.6,-7.4,-6.3,-5.2,-4.1,-3.0,-1.9,-0.8,0.3,1.4,2.6,3.7,4.8,6.0,7.2,8.3,9.5,10.6,11.6,12.5,13.2,13.8,14.3,14.5,14.6,14.5,14.3,14.1,13.8,13.6,13.5,13.5,13.5,13.4,13.4,13.2,13.0,12.7,12.5,12.2,11.9,11.6,11.3,10.9,10.6,10.3,9.9,9.6,9.2,8.8,8.3,7.8,7.2,6.6,6.0,5.5
-9.4,-10.0,-10.6,-11.2,-11.7,-12.3,-12.8,-13.4,-14.1,-14.7,-15.4,-15.9,-16.4,-16.8,-17.0,-17.1,-17.2,-17.2,-17.1,-17.0,-16.9,-16.7,-16.4,-16.0,-15.4,-14.8,-13.9,-13.0,-11.9,-10.7,-9.5,-8.4,-7.2,-6.1,-5.0,-3.9,-2.7,-1.6,-0.4,0.8,1.9,3.1,4.2,5.3,6.5,7.7,9.0,10.3,11.6,12.9,13.9,14.8,15.5,15.9,16.1,16.1,16.0,15.7,15.4,15.2,15.1,15.0,15.0,15.0,14.9,14.7,5.0,4.0,3.1,2.2,1.4,0.9,0.7,1.0,1.7,2.7,3.9,5.2,6.4,7.4,8.0,8.2,8.0,7.7,7.2,6.6
-9.6,-10.4,-11.2,-11.9,-12.6,-13.2,-13.8,-14.4,-14.9,-15.5,-16.0,-16.5,-16.9,-17.1,-17.3,-17.5,-17.6,-17.7,-17.7,-17.7,-17.6,-17.3,-17.0,-16.5,-15.9,-15.3,-14.5,-13.7,-12.7,-11.6,-10.6,-9.4,-8.3,-7.3,-6.2,-5.0,-3.8,-2.6,-1.3,0.0,1.2,2.5,3.7,4.9,6.2,7.6,9.0,10.5,12.1,13.5,14.7,15.8,16.6,17.2,17.6,17.8,17.8,17.7,17.4,17.1,16.8,16.6,16.4,16.3,16.2,16.0,15.7,15.4,15.1,14.8,0.6,0.0,0.4,1.2,2.5,4.2,6.0,8.1,10.1,11.9,13.5,14.7,15.4,15.2,14.2,12.5
-10.2,-11.2,-12.1,-13.0,-13.7,-14.3,-14.8,-15.2,-15.5,-15.9,-16.3,-16.8,-17.2,-17.6,-18.0,-18.4,-18.7,-18.8,-18.8,-18.7,-18.3,-17.7,-17.1,-16.5,-15.8,-15.3,-14.7,-14.2,-13.5,-12.7,-11.8,-10.8,-9.7,-8.5,-7.3,-6.0,-4.6,-3.2,-1.7,-0.3,1.2,2.5,3.9,5.2,6.7,8.1,9.7,11.4,12.9,14.4,15.6,16.7,17.5,18.2,18.7,19.2,19.5,19.5,19.3,18.9,18.3,17.7,17.2,16.8,16.5,16.3,16.2,16.0,15.8,15.6,15.4,15.4,15.4,15.5,15.5,15.5,15.4,7.8,9.5,11.9,14.8,17.7,20.4,22.3,22.8,21.8
-11.2,-12.2,-13.2,-13.9,-14.5,-15.0,-15.4,-15.8,-16.2,-16.6,-17.2,-17.8,-18.5,-19.2,-19.8,-20.2,-20.4,-20.4,-20.0,-19.4,-18.7,-17.9,-17.1,-16.4,-15.9,-15.5,-15.1,-14.7,-14.2,-13.6,-12.8,-11.8,-10.7,-9.5,-8.1,-6.6,-5.0,-3.4,-1.7,0.0,1.6,3.2,4.8,6.3,7.9,9.4,11.0,12.5,14.0,15.4,16.6,17.6,18.4,19.2,19.9,20.5,20.9,21.1,21.0,20.5,19.8,18.9,18.1,17.3,16.8,16.5,16.4,16.3,16.2,16.2,16.2,16.3,16.4,16.6,16.7,16.7,16.7,16.7,16.8,16.8,13.3,16.9,21.0,24.8,27.8,28.9
-12.8,-13.7,-14.5,-15.0,-15.5,-15.8,-16.2,-16.6,-17.1,-17.6,-18.2,-19.0,-19.7,-20.4,-20.9,-21.1,-20.9,-20.4,-19.7,-19.0,-18.4,-17.8,-17.4,-17.0,-16.7,-16.3,-15.7,-15.0,-14.2,-13.3,-12.5,-11.7,-10.8,-9.9,-8.7,-7.4,-5.9,-4.2,-2.5,-0.7,1.2,3.2,5.2,7.1,9.0,10.7,12.2,13.5,14.8,15.9,17.0,18.1,19.1,19.9,20.7,21.3,21.8,22.1,22.2,22.1,21.7,21.0,20.1,19.3,18.5,17.9,17.5,17.3,17.1,17.1,17.1,17.3,17.5,17.7,17.8,17.9,18.0,18.1,18.2,18.5,18.7,16.0,19.5,24.4,29.0,32.3
-15.0,-15.6,-16.1,-16.4,-16.6,-16.8,-17.1,-17.4,-17.8,-18.2,-18.8,-19.4,-20.0,-20.5,-20.8,-20.6,-20.2,-19.7,-19.1,-18.6,-18.4,-18.3,-18.2,-18.1,-17.6,-16.9,-16.0,-14.8,-13.7,-12.6,-11.8,-11.2,-10.6,-10.0,-9.3,-8.3,-7.0,-5.6,-4.0,-2.2,-5.5,-2.7,0.0,7.4,9.8,11.8,13.4,14.5,15.5,16.4,17.3,18.3,19.3,20.2,21.0,21.6,22.1,22.5,22.9,23.1,23.2,23.0,22.4,21.7,20.8,20.0,19.4,18.9,18.5,18.3,18.2,18.2,18.3,18.6,18.8,19.0,19.2,19.3,19.4,19.7,20.0,20.2,19.7,23.9,29.0,33.4
-16.4,-16.7,-16.9,-16.9,-17.0,-17.1,-17.3,-17.6,-17.9,-18.4,-19.0,-19.6,-20.1,-20.4,-20.5,-20.2,-19.8,-19.4,-19.1,-18.9,-18.9,-19.0,-18.8,-18.4,-17.7,-16.8,-15.7,-14.6,-13.6,-12.8,-12.1,-11.5,-10.9,-22.5,-22.8,-22.7,-21.8,-20.3,-17.9,-14.7,-10.9,-6.5,-2.1,2.1,5.7,8.9,11.6,13.9,15.6,16.6,17.2,18.1,19.6,20.4,21.1,21.8,22.3,22.8,23.3,23.8,24.1,24.1,23.9,23.3,22.6,21.9,21.2,20.6,20.2,19.8,19.5,19.3,19.3,19.4,19.7,20.1,20.4,20.6,20.7,20.9,21.2,21.4,21.4,24.2,29.0,33.6
-16.5,-16.7,-16.7,-16.8,-16.9,-17.1,-17.4,-17.8,-18.3,-18.8,-19.3,-19.8,-20.0,-20.0,-19.8,-19.5,-19.3,-19.1,-19.2,-19.3,-19.4,-19.2,-18.7,-18.0,-17.0,-16.0,-15.0,-14.3,-13.7,-13.2,-12.7,-27.5,-28.8,-29.2,-28.8,-27.8,-25.9,-23.3,-20.0,-16.8,-13.6,-10.3,-6.5,-2.3,1.9,6.0,9.7,13.1,16.2,18.8,20.7,22.0,22.7,23.0,22.7,22.5,22.6,23.3,23.8,24.3,24.7,24.8,24.8,24.5,24.0,23.4,22.9,22.3,21.9,21.5,21.1,20.8,20.5,20.5,20.6,21.0,21.4,21.8,22.1,22.2,22.4,22.4,22.4,22.3,29.6,33.7
-17.0,-17.1,-17.3,-17.4,-17.5,-17.7,-18.0,-18.3,-18.5,-18.8,-19.0,-19.1,-19.1,-19.0,-18.8,-18.8,-18.9,-19.2,-19.5,-19.6,-19.4,-18.9,-18.0,-16.9,-15.7,-14.7,-14.0,-13.6,-13.3,-29.7,-32.1,-33.1,-32.7,-30.9,-28.3,-25.4,-22.8,-20.4,-18.4,-16.5,-14.6,-12.2,-8.9,-4.8,-0.2,4.5,8.9,13.1,16.8,19.3,21.2,24.2,26.7,28.3,28.8,28.2,26.6,24.4,22.3,20.8,24.7,25.1,25.4,25.4,25.2,24.7,24.2,23.7,23.3,22.9,22.6,22.3,22.0,21.8,21.8,21.9,22.3,22.8,23.2,23.4,23.4,23.3,23.1,23.1,30.3,33.7
-18.2,-18.1,-18.0,-17.9,-17.8,-17.8,-17.7,-17.7,-17.8,-17.9,-17.9,-18.0,-18.1,-18.3,-18.6,-19.0,-19.4,-19.7,-19.6,-19.1,-18.2,-17.0,-15.8,-14.7,-13.8,-13.3,-13.1,-28.9,-32.1,-34.3,-35.1,-34.4,-32.2,-29.9,-27.6,-25.3,-23.3,-21.5,-19.9,-18.2,-16.0,-13.2,-9.8,-5.8,-1.4,3.3,8.0,12.5,16.6,20.3,23.7,26.5,28.1,30.2,32.2,33.2,33.0,31.4,29.0,26.2,23.7,22.2,20.7,25.5,25.6,25.4,25.2,25.0,24.6,24.2,23.9,23.6,23.4,23.3,23.2,23.2,23.4,23.8,24.2,24.5,24.4,24.1,23.7,23.1,30.8,33.3
-18.4,-17.9,-17.5,-17.0,-16.7,-16.6,-16.6,-16.7,-16.9,-17.2,-17.4,-17.7,-18.1,-18.6,-19.0,-19.3,-19.3,-18.9,-18.1,-16.8,-15.3,-14.0,-13.0,-14.2,-14.9,-19.1,-31.5,-34.9,-36.9,-37.1,-35.7,-32.8,-30.7,-28.6,-26.8,-25.3,-24.2,-22.8,-20.7,-17.9,-15.1,-12.2,-9.1,-5.7,-2.0,2.1,6.2,10.1,13.5,16.7,19.7,22.9,26.6,30.0,32.1,33.6,35.5,36.5,36.3,35.0,32.6,29.6,26.8,24.4,21.8,26.0,26.3,26.3,26.1,25.7,25.1,24.7,24.5,24.5,24.5,24.5,24.5,24.7,24.9,25.1,25.1,24.6,23.9,23.0,31.1,32.7
-17.5,-16.9,-16.4,-16.2,-16.0,-16.1,-16.4,-16.7,-17.0,-17.3,-17.5,-17.7,-18.1,-18.4,-18.5,-18.2,-17.5,-16.4,-15.1,-13.7,-12.5,-13.6,-15.5,-17.2,-18.4,-32.2,-36.9,-40.1,-41.0,-39.7,-36.5,-32.2,-28.6,-26.3,-24.9,-24.4,-23.4,-21.8,-20.4,-18.3,-15.5,-12.5,-9.3,-6.1,-2.8,0.7,4.2,7.4,10.4,13.0,15.6,18.4,21.7,25.7,29.8,33.3,35.8,36.7,38.2,39.3,39.5,38.4,35.4,31.1,27.3,23.4,27.2,27.3,27.1,26.6,26.0,25.7,25.5,25.3,25.4,25.4,25.2,25.0,25.0,25.1,25.0,24.5,23.5,22.5,31.1,31.7
-16.5,-16.4,-16.5,-16.6,-16.8,-17.1,-17.3,-17.3,-17.2,-17.0,-16.9,-17.0,-17.1,-17.1,-16.7,-15.8,-14.7,-13.5,-12.3,-11.4,-14.3,-17.0,-17.8,-18.0,-30.3,-35.7,-40.5,-43.6,-43.9,-41.1,-36.6,-32.1,-28.3,-26.2,-25.0,-23.9,-21.5,-20.5,-18.8,-16.3,-13.4,-10.6,-7.8,-5.2,-2.4,1.0,4.7,7.8,10.4,12.3,13.9,16.7,20.3,24.1,27.0,30.0,33.1,35.7,37.6,38.0,40.0,42.3,42.6,39.8,34.4,29.4,25.4,27.4,27.2,26.9,26.6,26.5,26.5,26.4,26.4,26.1,25.4,25.0,24.8,24.9,24.7,24.2,23.3,22.3,21.3,31.0
-14.3,-13.8,-14.3,-17.2,-17.4,-17.4,-17.2,-16.8,-16.2,-15.8,-15.7,-15.7,-15.6,-15.2,-14.3,-13.3,-12.2,-11.3,-13.6,-14.9,-16.5,-17.9,-17.8,-17.4,-32.8,-37.8,-42.6,-45.3,-44.4,-40.7,-35.7,-31.4,-28.5,-26.6,-25.0,-23.0,-19.4,-17.0,-14.5,-11.7,-9.0,-12.3,-10.5,-8.2,-5.7,-2.7,0.5,3.5,5.9,8.0,13.8,15.5,18.7,22.8,26.7,29.4,30.7,32.8,35.0,36.8,38.8,40.7,44.5,45.4,42.6,37.2,31.6,26.6,27.3,27.3,27.2,27.1,26.9,26.7,26.5,26.1,24.9,24.5,24.4,24.4,24.3,23.8,23.0,21.9,21.0,20.0
-15.4,-14.6,-13.8,-16.1,-15.8,-15.4,-15.0,-14.5,-12.6,-12.2,-11.7,-11.2,-14.1,-13.4,-12.5,-11.6,-10.9,-13.8,-15.2,-16.0,-16.8,-17.4,-16.9,-29.5,-34.5,-39.2,-43.1,-44.0,-42.2,-38.2,-33.9,-30.2,-27.3,-25.1,-22.9,-16.4,-14.3,-12.4,-16.6,-16.0,-14.7,-13.0,-11.0,-8.4,-5.3,-1.9,1.2,3.9,6.0,7.7,9.4,11.4,13.6,21.3,25.1,28.2,25.6,26.7,27.4,28.8,36.4,39.6,42.9,46.2,46.7,43.6,38.2,31.9,27.6,27.5,27.4,27.2,26.8,26.1,25.4,24.7,24.1,23.8,23.6,23.5,23.2,22.5,21.5,20.4,19.3,18.1
-14.6,-13.6,-14.4,-13.4,-11.0,-10.4,-12.1,-12.0,-11.8,-11.1,-10.4,-13.7,-13.3,-12.8,-12.2,-11.6,-14.0,-15.4,-15.9,-16.4,-17.0,-17.3,-26.6,-31.1,-36.0,-39.8,-41.2,-40.8,-38.3,-34.4,-29.9,-26.0,-23.0,-19.3,-7.3,-6.1,-5.2,-5.1,-4.1,-2.1,0.4,-14.4,-12.6,-10.0,7.3,8.7,12.0,12.8,13.8,14.9,16.1,17.2,20.3,22.1,23.7,24.8,25.2,27.5,29.0,30.1,31.4,38.8,42.6,46.2,48.3,47.4,42.9,36.6,30.3,27.2,27.2,27.1,26.5,25.6,24.5,23.7,23.2,22.9,22.5,21.9,21.2,20.2,19.0,17.8,16.7,15.4
