src/wind/output.json
{"header": {"discipline":0,"disciplineName":"Meteorological products","gribEdition":2,"gribLength":130499,"center":7,"centerName":"US National Weather Service - NCEP(WMC)","subcenter":0,"refTime":"2024-10-30T00:00:00.000Z","significanceOfRT":1,"significanceOfRTName":"Start of forecast","productStatus":0,"productStatusName":"Operational products","productType":1,"productTypeName":"Forecast products","productDefinitionTemplate":0,"productDefinitionTemplateName":"Analysis/forecast at horizontal level/layer at a point in time","parameterCategory":3,"parameterCategoryName":"Mass","parameterNumber":5,"parameterNumberName":"Geopotential_height","parameterUnit":"gpm","genProcessType":2,"genProcessTypeName":"Forecast","forecastTime":0,"surface1Type":6,"surface1TypeName":"Maximum wind level","surface1Value":0.0,"surface2Type":255,"surface2TypeName":"Missing","surface2Value":0.0,"gridDefinitionTemplate":0,"gridDefinitionTemplateName":"Latitude_Longitude","numberPoints":65160,"shape":6,"shapeName":"Earth spherical with radius of 6,371,229.0 m","gridUnits":"degrees","resolution":48,"winds":"true","scanMode":64,"nx":360,"ny":181,"basicAngle":0,"subDivisions":0,"lo1":0.0,"la1":-90.0,"lo2":359.0,"la2":90.0,"dx":1.0,"dy":1.0}, "data":
[rows 78 to 103 of 181, columns 120 to 179 of 360]
12674.932,16252.932,16253.131,16253.932,16254.731,16253.932,6427.331,6831.7314,6923.7314,8998.731,8855.331,13072.331,12354.531,11750.531,10701.131,10559.531,11713.932,16233.131,16228.932,14742.932,14913.131,15759.331,15342.932,14992.331,15261.131,15522.531,15479.731,14762.731,14592.932,14180.531,14021.131,13971.331,13904.131,13810.531,13751.131,13714.131,13716.131,13745.531,13740.531,13708.731,12792.331,13825.531,13877.932,13860.932,13793.331,13829.731,14303.932,16182.731,16180.531,16180.131,16182.531,16185.331,16185.331,16183.131,16182.131,16184.331,16186.531,16186.531,16185.932,16185.932
12547.131,12148.131,12141.131,16252.131,16250.731,16248.531,7716.331,6428.331,6431.5312,6435.331,6874.5312,8046.5312,6417.1313,14730.731,14772.131,14792.932,14790.731,14762.331,14723.131,14716.731,14716.331,14684.331,14614.932,14618.731,16219.531,14999.932,14751.932,14600.531,14516.531,13980.531,13872.531,13909.932,13913.932,13638.531,13521.731,13575.731,13715.131,13817.932,13855.531,13857.932,13877.131,13928.531,13950.331,10680.331,10914.932,10922.531,16189.531,16187.731,16186.331,16186.932,16188.932,16191.331,16192.131,16190.531,16189.131,16190.731,16192.932,16193.131,16192.331,16191.932
12452.932,12032.932,11954.932,12417.331,16245.932,9984.932,6427.1313,6431.931,6430.5312,6429.931,6963.7314,7493.331,7560.7314,14746.731,14739.331,14776.731,14843.731,14875.131,14822.331,14746.131,14649.331,14530.531,16225.731,16228.331,16228.131,14591.131,14425.131,13856.331,13755.932,13776.531,13767.932,16210.531,16207.531,16206.531,16204.932,13443.731,13580.731,13767.531,13865.531,13907.331,13924.131,13954.731,10585.331,10695.131,16196.531,16195.331,16194.531,16193.731,16193.731,15826.331,16196.731,16198.531,16199.531,16198.131,16195.932,16196.331,15823.731,16198.131,16197.531,16196.731
12181.531,12001.531,11606.932,11365.731,12517.331,12967.932,13069.932,6432.331,6429.331,11838.331,6982.5312,7166.5312,7468.931,14750.731,14683.731,14689.531,16231.531,16230.331,16229.731,16229.731,16230.331,16229.531,16228.932,16230.531,14411.331,14374.932,14026.932,13681.531,13690.932,16220.531,16213.731,16210.131,16208.131,16207.932,16207.731,16207.131,16207.331,13775.331,13860.331,13884.932,13870.531,13825.131,16204.531,16203.331,16201.131,16199.531,16198.731,16198.531,16198.932,16199.932,16200.932,16202.131,16203.331,16202.731,16201.331,15716.131,15639.131,15629.731,15640.932,15666.932
12117.731,14000.932,14054.731,11370.731,11340.531,12325.531,12650.531,12806.331,12450.731,12250.731,6997.7314,7042.5312,11750.932,11960.131,12193.531,12501.331,12425.331,11894.331,11687.731,11617.131,11499.932,15798.131,16229.131,14096.531,13956.531,10943.131,13522.731,16235.731,16226.331,16215.331,16212.731,16212.932,16211.131,16210.331,16211.331,16211.331,16211.331,13943.932,13951.131,13907.131,16209.531,16208.932,16207.531,16205.932,16204.531,16203.531,16202.531,16201.932,16201.731,16201.331,16201.531,16202.531,16203.331,16203.731,15792.331,15629.131,15576.932,15575.932,15592.731,15638.731
14535.331,14516.131,14454.731,14484.932,11734.531,11790.932,12334.331,12773.131,12980.531,12976.932,12979.731,11757.932,11839.331,11975.932,12251.531,12486.731,12637.331,11723.731,11467.531,15308.531,15398.731,15425.531,13076.731,12880.731,11101.131,11126.131,13254.932,16240.331,16226.331,16216.932,16215.932,16216.531,16213.731,16212.131,16213.531,16214.131,16214.131,16214.731,16214.331,16213.331,16212.932,16212.131,16210.331,16208.731,16207.731,16206.932,16205.731,16204.331,16203.131,16201.932,16201.331,16201.932,16202.531,15819.731,15646.932,15497.531,15471.731,15494.331,15548.331,15742.131
14542.131,14616.531,14597.731,14566.331,11687.731,11703.932,11863.131,12976.131,12976.731,12753.331,12217.531,12037.131,12113.731,10679.131,11306.731,12259.331,12781.331,12605.131,12099.331,14737.731,15535.331,15487.531,12778.531,12957.731,11156.531,11240.932,16245.131,16237.531,16227.131,16220.731,16218.932,16217.131,16213.731,16212.531,16213.731,16214.731,16215.331,16216.131,16215.932,16215.331,16214.731,16213.531,9495.531,9289.331,9083.131,8970.131,8872.331,16204.731,16202.932,16201.331,16200.131,16200.131,16200.331,15754.331,15590.531,15474.331,15439.932,15446.131,15478.531,15644.731
13946.932,14361.531,14488.531,14508.131,11300.131,11522.331,11706.932,11839.932,11964.531,11850.531,11831.531,12086.531,12273.131,10678.331,11197.731,11984.932,12859.131,6264.7314,6329.7314,16248.531,16242.131,15648.731,7914.7314,13285.131,11292.131,11319.932,12435.131,12649.731,16224.932,16222.131,16219.731,16216.932,16215.131,16215.131,16215.731,16216.331,16216.731,16217.131,16217.131,16216.531,9638.131,9596.731,9577.331,9493.731,9195.531,9022.731,8931.531,15801.331,16201.531,16199.531,15791.331,15668.731,15663.131,15639.531,15552.531,15471.531,15434.331,15444.331,15488.932,15640.531
13994.932,14071.731,14203.331,14374.131,14428.932,11328.131,11460.331,11450.531,11427.731,11412.731,11509.531,11908.932,12186.932,11475.932,11252.331,11646.131,13252.932,8739.331,8780.531,8995.531,9190.331,7303.1313,7501.5312,8234.731,11176.531,11492.932,12245.531,12691.731,12387.731,15669.531,16219.731,16218.932,16219.131,16219.331,16219.131,16218.331,16217.531,16217.131,16216.932,9750.731,9688.932,9633.331,9596.731,9485.932,9199.531,9105.131,9093.932,15581.131,15568.731,15561.131,15538.932,15534.531,15559.531,15565.531,15491.932,15360.131,15295.932,15397.932,15523.131,11009.731
14106.731,14137.932,14193.531,14310.531,14352.531,11705.531,11642.731,11564.331,11453.932,11273.731,11099.331,11307.932,12152.932,12495.531,13122.131,13251.932,13363.531,13424.331,8651.331,8646.932,8602.731,9115.731,9010.131,8745.531,7769.5312,12291.531,12152.731,13374.932,13925.131,16220.731,16219.731,16219.731,16219.531,16219.131,16218.932,16218.331,16217.331,16216.531,9862.731,9859.932,9786.531,9677.731,9587.731,9509.731,9387.932,9348.531,15591.731,15552.131,15567.331,15586.331,15566.932,15551.131,15561.932,15549.531,15454.331,15110.531,15029.331,15243.731,10886.531,10976.531
14337.131,14284.131,14264.131,14330.932,14422.331,11771.131,11652.131,11584.932,11500.331,11087.731,10636.731,10606.932,12621.932,12920.331,13303.331,13283.331,13245.331,13236.731,13238.331,13112.531,8359.131,9409.531,9184.531,9164.731,7609.931,12511.731,12802.131,13431.531,13688.932,13807.131,12755.731,11161.331,11127.731,11161.331,8328.731,10190.531,10101.131,9767.531,9956.331,10176.932,10079.331,9742.932,9594.531,9567.331,9611.331,15656.932,15607.932,15586.932,15619.531,15636.932,15605.731,15575.131,15562.131,15524.932,15461.531,10682.932,10734.331,10807.731,10905.531,11022.131
14661.932,14604.932,14414.731,14394.531,14507.531,14572.331,11372.531,11260.531,11215.131,11581.131,10423.531,10382.932,10566.531,12792.731,11232.331,11898.932,11917.331,11929.531,12009.131,12601.932,12649.932,14628.932,14452.932,7538.331,6425.5312,6414.5312,13245.331,13431.932,13546.731,13744.131,7817.331,11149.331,11065.531,8389.531,8438.531,8526.731,9504.131,9688.531,9863.131,15513.731,15583.131,9818.131,9552.131,9506.731,9960.131,15669.131,15623.131,15607.932,15645.331,15622.131,15554.531,15518.131,15512.731,15492.932,10765.131,10814.131,10893.531,10876.131,10917.531,11042.932
14628.331,14629.932,14549.731,14464.731,14557.731,14723.531,14998.932,10584.531,10625.531,11651.932,11832.331,12009.932,12459.731,12654.131,11093.731,13022.531,11907.932,11958.131,12114.131,12454.131,12566.331,14590.531,14337.131,14289.932,6399.5312,6397.7314,6403.1313,7357.931,6967.331,7649.1313,8113.931,8281.131,8365.731,8375.932,8403.932,8442.731,8447.531,9838.932,15521.131,15520.731,15584.331,15717.531,8807.531,15722.131,15699.731,15654.731,15575.331,15529.731,15561.131,15552.531,15518.331,15507.131,15503.331,15496.932,10051.331,10222.131,10910.531,10902.131,10909.731,11012.531
14565.932,14553.131,14649.331,14672.731,14649.531,14894.331,15222.932,15335.331,11668.331,11605.932,11811.331,11961.131,12244.131,10922.331,12754.531,12927.131,12032.331,11974.932,12154.731,12345.131,12403.331,14573.932,14402.932,6422.5312,6430.5312,6432.931,7501.331,7540.931,7500.331,8069.331,8225.932,13258.731,13157.531,13163.131,9422.331,9532.331,10159.731,10375.131,15633.932,15608.932,15638.932,15725.531,15778.531,15754.731,15686.731,15571.731,15458.531,15384.531,15407.531,15476.932,15500.531,15512.331,15516.932,15525.531,9991.731,9978.731,10885.731,10906.531,10896.932,10935.731
14698.932,14584.531,14641.731,14689.731,14940.731,15187.932,15284.331,15381.531,15471.131,11604.932,11678.331,11852.932,11755.331,12517.331,12778.731,12765.131,12481.731,11945.131,11991.932,12190.331,12215.531,6425.5312,6427.931,6428.331,6422.5312,6418.7314,7695.931,7738.1313,8019.1313,10900.531,11031.932,13237.932,13198.131,13232.531,9634.932,9664.331,9332.331,9167.131,16207.131,16204.731,15742.531,15735.131,15746.131,15691.131,15511.131,15305.531,15208.731,15150.932,15250.131,15375.932,15410.531,15446.932,15498.932,15533.531,10818.331,10855.932,10943.131,10939.131,10913.531,10925.932
14940.131,14707.531,14627.331,14505.932,13578.531,15175.731,15267.932,15357.131,15450.531,15556.531,11881.131,11948.531,12046.932,12454.932,12938.932,12766.131,12522.531,12226.932,11998.531,12101.131,6815.1313,6423.931,6421.331,6418.331,6414.1313,8027.5312,8075.7314,10484.131,10888.731,11048.331,11119.531,11239.131,13189.932,11014.331,10900.731,10292.932,9060.531,16210.932,16207.932,16205.731,16206.932,15757.932,7718.1313,15441.932,15063.331,14953.932,14932.932,14974.731,15206.932,15310.131,15267.531,15303.531,15405.131,10842.131,10985.731,11038.932,11025.131,10949.731,10975.531,11044.932
15070.531,14952.131,14810.331,14576.331,14558.331,15042.731,15259.131,15362.131,15430.531,15474.531,15527.331,12290.731,12280.331,12517.731,12932.131,12164.331,12411.731,12319.731,11922.531,11886.131,6813.1313,6795.7314,6808.931,6838.331,6871.331,6953.331,6978.7314,10843.731,11072.131,11159.731,11180.932,11397.531,11401.932,11308.932,11631.731,11984.531,11882.731,8434.932,16209.331,16207.131,16208.131,7476.7314,7547.7314,6411.5312,14929.932,14734.731,14430.531,14359.331,15277.731,15259.932,15110.331,15210.731,15326.731,6409.5312,10986.531,10991.331,10749.531,10678.531,10979.331,11122.531
15017.731,15083.131,15139.932,14917.131,14679.531,14880.932,15277.131,15407.531,15406.331,15316.131,15372.531,12596.331,12546.932,12596.331,12666.131,12236.731,12004.331,11928.932,11689.331,6757.7314,6918.931,7039.1313,7027.1313,11197.932,6937.931,6987.7314,10864.731,11107.531,11312.932,11203.531,11224.531,11521.331,11558.131,11642.131,11955.131,12078.932,11731.932,8388.531,8377.131,16206.131,6412.331,6852.1313,7026.1313,6989.5312,8490.131,14263.531,14213.331,14266.731,15207.331,15046.131,14880.331,15205.331,15361.932,6411.1313,10982.731,10876.331,10687.531,10648.932,10921.531,11068.932
15014.531,15054.131,15214.932,15243.932,15095.131,14998.131,15311.731,15475.932,13569.731,13955.131,15337.932,15576.331,12622.531,12594.331,12689.331,12627.932,11950.131,11849.932,6431.7314,6429.7314,6878.7314,12512.131,12358.932,11746.932,11160.731,10827.131,11026.531,11354.131,11326.131,11206.531,11308.531,7764.331,9484.131,11938.531,12054.331,12053.131,11741.531,8151.1313,8142.7314,8323.932,6415.1313,6781.931,6837.931,7174.931,7212.331,14340.331,14242.731,14298.932,14608.131,16197.531,14808.531,6411.7314,15466.131,6410.5312,10691.932,10592.131,10616.331,10796.131,11534.331,11044.932
15138.531,15048.731,15260.331,15477.131,15584.932,15794.731,16231.131,16227.531,16227.731,16230.131,16231.331,15802.131,15749.531,12550.731,12772.731,12921.932,12164.531,11889.531,6428.1313,6426.5312,12336.331,12409.531,12294.932,11704.731,10858.331,10671.131,11051.932,11555.731,11373.131,8973.932,7731.931,7681.5312,7770.931,9674.331,12024.531,12148.331,12310.331,8318.531,8215.131,8277.531,8231.731,16208.131,16208.731,6959.931,7047.5312,14563.731,14280.531,14229.131,14227.731,16195.731,16194.932,16193.131,6410.331,6410.331,10640.331,10544.331,10628.731,10893.131,11702.932,9915.531
15241.331,15185.331,15327.731,16229.331,16233.731,16236.531,16234.531,16232.331,16233.331,16236.731,16239.331,16237.531,15672.331,15646.932,12988.932,13014.131,11350.131,10747.531,10735.531,11074.531,12272.731,12359.131,12330.131,11328.531,11191.932,11560.131,11692.932,11710.932,9891.731,9311.331,16226.131,16225.531,16223.131,16222.131,16221.331,12244.932,12601.131,16214.331,16215.932,16212.731,16209.932,16211.131,16211.131,16208.531,16206.131,6417.1313,14097.531,14105.531,14051.131,16194.932,16193.731,16192.331,7623.7314,7815.1313,8051.331,10636.131,10717.932,10730.531,10494.731,10042.531
15200.531,15281.932,15402.731,16231.932,16233.131,16234.131,16234.531,16236.731,16240.531,16243.131,16243.932,16242.932,16239.731,15581.932,13031.131,13085.731,11147.731,10126.731,9869.131,10645.131,12346.331,12379.731,12207.531,11791.331,11870.131,11890.731,11978.932,12385.531,16230.932,16229.331,16229.932,16229.531,16226.731,16225.131,16224.932,16223.131,16220.131,16218.731,16217.131,16214.331,16213.331,16214.531,16213.131,16209.331,6420.5312,6418.331,6417.1313,6417.331,6417.5312,6417.1313,16192.932,16191.131,16187.932,8531.131,8370.331,8259.331,10763.731,10582.731,10457.331,10403.932
15150.531,15288.731,15631.731,16237.531,16237.731,16237.331,16236.932,16239.731,16245.731,16249.131,16247.131,16244.531,16244.531,15600.131,15587.131,13066.731,10930.331,9673.731,9455.131,9185.531,9115.331,12256.932,11944.731,11822.531,11925.531,12100.731,12349.932,16237.531,16234.932,16233.932,16233.531,16232.731,16230.131,16227.932,16227.331,16226.331,16223.932,16222.131,16221.531,16219.932,16218.131,16216.531,16213.731,16210.131,6422.5312,6420.931,6420.331,6421.331,6421.7314,6420.331,6418.331,16190.331,16187.331,16184.531,8821.331,8729.731,8571.731,10521.731,10366.932,10387.131
15203.731,15440.531,16242.731,16246.131,16247.731,16247.531,16244.731,16243.731,16248.731,16255.131,16254.131,16249.131,16248.131,15669.932,15576.331,12937.531,12436.131,11723.932,9117.932,9164.932,9130.731,9054.731,11962.331,11885.331,12390.331,12417.131,16243.331,16240.331,16239.531,16238.731,16237.331,16236.131,16234.531,16232.131,16230.531,16229.131,16227.131,16226.731,16227.331,15806.531,15761.932,15736.331,15729.131,15754.932,12579.331,12879.131,13192.731,13231.531,6422.931,6421.931,6419.7314,16190.131,16187.331,16185.331,6419.7314,8801.731,8735.131,8048.7314,13360.731,10432.331
15322.531,15567.131,16246.331,16248.131,16251.531,16254.932,16255.731,16253.731,16255.131,16261.131,16262.932,16257.932,16253.731,15703.331,15577.731,12854.731,12448.531,11766.131,9107.932,9213.331,9143.331,8927.932,11987.731,12343.531,16259.932,16253.932,16247.932,16245.531,16245.731,16245.131,16243.131,16240.932,16239.131,16237.131,16235.531,16233.531,16231.331,15796.131,15701.131,15675.331,15670.331,15647.932,15629.932,15641.331,12596.731,12772.131,13082.932,13152.932,13061.932,6420.7314,6418.5312,16189.731,16187.131,6418.1313,6418.7314,6781.7314,8778.932,8377.731,7693.5312,7760.331
15237.731,15228.932,15457.932,16247.731,16250.731,16257.531,16265.932,15693.131,15884.331,16268.731,16270.131,16267.531,16261.731,15656.131,15533.932,15654.331,12684.731,14718.731,8956.331,9131.331,9022.932,8642.531,8558.531,16264.531,16264.331,16259.331,16254.531,16252.531,9548.131,9602.531,9679.131,9754.531,9810.131,9924.731,10165.731,10301.131,10432.731,15507.531,15464.131,15460.731,15428.531,15355.531,15357.932,15665.731,12096.932,12263.731,12466.932,12632.932,12725.731,12638.731,11975.932,13906.932,13920.731,16185.131,16184.531,6417.5312,6418.7314,6418.1313,6417.931,6418.1313
