src/wind/output.json
{"header": {"discipline":0,"disciplineName":"Meteorological products","gribEdition":2,"gribLength":81629,"center":7,"centerName":"US National Weather Service - NCEP(WMC)","subcenter":0,"refTime":"2024-10-30T00:00:00.000Z","significanceOfRT":1,"significanceOfRTName":"Start of forecast","productStatus":0,"productStatusName":"Operational products","productType":1,"productTypeName":"Forecast products","productDefinitionTemplate":0,"productDefinitionTemplateName":"Analysis/forecast at horizontal level/layer at a point in time","parameterCategory":0,"parameterCategoryName":"Temperature","parameterNumber":0,"parameterNumberName":"Temperature","parameterUnit":"K","genProcessType":2,"genProcessTypeName":"Forecast","forecastTime":0,"surface1Type":6,"surface1TypeName":"Maximum wind level","surface1Value":0.0,"surface2Type":255,"surface2TypeName":"Missing","surface2Value":0.0,"gridDefinitionTemplate":0,"gridDefinitionTemplateName":"Latitude_Longitude","numberPoints":65160,"shape":6,"shapeName":"Earth spherical with radius of 6,371,229.0 m","gridUnits":"degrees","resolution":48,"winds":"true","scanMode":64,"nx":360,"ny":181,"basicAngle":0,"subDivisions":0,"lo1":0.0,"la1":-90.0,"lo2":359.0,"la2":90.0,"dx":1.0,"dy":1.0}, "data":
[rows 0 to 30 of 181, columns 0 to 69 of 360]
199.1,199.1,199.1,199.1,199.1,199.1,199.1,199.1,199.1,199.1,199.1,199.1,199.1,199.1,199.1,199.1,199.1,199.1,199.1,199.1,199.1,199.1,199.1,199.1,199.1,199.1,199.1,199.1,199.1,199.1,199.1,199.1,199.1,199.1,199.1,199.1,199.1,199.1,199.1,199.1,199.1,199.1,199.1,199.1,199.1,199.1,199.1,199.1,199.1,199.1,199.1,199.1,199.1,199.1,199.1,199.1,199.1,199.1,199.1,199.1,199.1,199.1,199.1,199.1,199.1,199.1,199.1,199.1,199.1,199.1
199.50002,199.50002,199.50002,199.6,199.6,199.6,199.6,199.6,199.6,199.70001,199.70001,199.70001,199.70001,199.70001,199.70001,199.70001,199.80002,199.80002,199.80002,199.80002,199.80002,199.80002,199.90001,199.90001,199.90001,199.90001,199.90001,199.90001,200.00002,200.00002,200.00002,200.00002,200.00002,200.1,200.1,200.1,200.1,200.1,200.1,200.20001,200.20001,200.20001,200.20001,200.20001,200.30002,200.30002,200.30002,200.30002,200.30002,200.40001,200.40001,200.40001,200.40001,200.40001,200.40001,200.40001,200.40001,200.40001,200.40001,200.40001,200.40001,200.40001,200.40001,200.40001,200.40001,200.40001,200.40001,200.40001,200.40001,200.40001
200.80002,201.6,202.00002,202.30002,202.6,202.70001,202.90001,203.00002,203.1,203.1,203.20001,203.20001,203.30002,203.30002,203.30002,203.40001,203.40001,203.40001,203.40001,203.40001,203.50002,203.50002,203.50002,203.50002,203.50002,203.50002,203.50002,203.50002,204.00002,205.9,206.4,206.5,206.6,206.7,206.7,206.8,206.8,206.9,206.9,206.9,206.9,206.9,206.9,206.9,206.9,206.9,206.9,206.9,206.8,206.8,206.8,206.7,206.7,206.6,206.6,206.5,206.5,202.30002,202.20001,202.20001,202.1,202.1,202.00002,202.00002,201.90001,201.80002,201.80002,201.70001,201.70001,201.6
203.90001,203.90001,203.90001,203.90001,203.90001,223.4,223.2,222.9,222.6,222.4,222.1,221.9,221.6,221.4,221.2,221.0,220.8,220.6,220.4,220.2,220.0,219.9,219.7,219.6,219.4,219.2,219.1,219.0,218.8,218.7,218.5,218.4,218.3,218.2,218.0,217.9,217.8,217.7,217.5,217.4,217.3,217.1,217.0,216.8,216.6,216.4,216.2,216.0,215.7,215.4,215.1,214.8,214.4,214.1,213.6,213.2,212.7,212.3,211.9,211.6,211.2,210.9,210.6,210.4,210.1,209.9,209.7,209.5,209.3,209.1
222.3,222.3,222.3,222.2,222.0,221.8,221.6,221.4,221.1,220.9,220.6,220.3,220.0,219.8,219.5,219.3,219.1,218.9,218.7,218.4,218.2,218.0,217.8,217.6,217.4,217.2,216.9,216.7,216.5,216.3,216.1,215.9,215.7,215.5,215.4,215.3,215.3,215.4,215.6,216.0,216.8,230.6,231.3,231.2,231.1,231.1,231.0,230.9,230.8,230.8,230.7,230.6,230.6,230.5,230.5,230.4,230.4,230.4,230.3,218.1,217.7,217.2,216.6,216.0,209.8,209.4,209.1,208.8,208.6,208.4
220.9,221.3,221.5,221.6,221.5,221.4,221.1,220.8,220.3,219.3,218.3,217.5,216.8,216.0,215.2,214.4,214.0,213.6,213.3,213.0,212.7,212.4,212.2,212.0,211.8,211.5,211.2,210.9,230.8,230.6,230.4,230.2,231.7,231.5,231.4,231.2,228.0,227.7,227.4,227.3,227.4,228.4,230.2,230.1,230.0,231.3,231.2,231.1,231.0,230.9,230.8,230.7,230.6,230.5,230.4,230.4,230.3,230.3,230.2,230.2,230.2,230.2,230.2,230.2,230.2,230.3,230.3,222.5,213.2,212.8
200.30002,200.20001,214.8,215.3,215.7,215.9,216.0,216.0,215.9,215.6,215.3,214.8,214.0,213.1,212.3,211.6,211.3,211.1,211.0,210.9,210.9,210.9,210.9,211.0,211.1,211.2,232.1,231.9,231.6,231.4,231.2,231.0,232.4,232.2,231.9,231.7,231.5,231.2,231.0,230.7,230.5,230.3,231.5,231.3,231.1,230.8,230.6,230.4,230.2,230.0,229.8,229.6,229.5,229.4,229.2,229.1,229.0,230.2,230.2,230.1,229.3,229.0,228.5,226.2,221.0,220.8,220.6,220.4,220.2,219.9
235.1,235.0,234.8,234.7,234.5,234.4,234.2,234.1,225.5,225.5,225.5,225.4,225.2,224.9,223.9,222.8,222.0,221.5,221.0,220.3,219.5,218.6,217.8,217.0,216.3,215.6,215.0,214.5,214.1,213.7,213.4,231.6,232.9,232.7,232.4,232.1,231.8,231.5,231.2,230.9,231.9,231.6,231.3,230.9,230.6,230.3,230.0,229.7,229.4,229.2,230.2,230.0,229.8,229.6,229.5,229.4,228.6,228.1,227.6,225.1,224.3,223.3,222.4,220.8,219.8,219.3,219.0,218.8,218.2,217.2
235.3,235.2,235.1,234.9,234.8,234.6,225.1,224.7,224.3,224.1,223.9,223.8,224.5,221.4,226.7,227.1,227.4,227.9,228.3,228.6,228.8,228.9,229.0,229.0,229.1,229.1,229.0,228.9,228.7,228.5,228.2,228.0,227.7,227.4,227.1,209.2,209.0,232.3,231.9,231.5,231.1,230.7,230.3,230.0,229.6,230.5,230.1,229.9,229.6,229.4,229.2,229.1,229.0,228.9,227.9,227.2,224.4,222.9,221.7,220.4,219.4,218.7,218.3,218.1,217.9,217.7,217.6,217.4,207.0,206.5
203.80002,231.7,232.1,235.1,235.0,234.9,234.7,234.6,234.4,225.7,217.8,217.8,217.9,218.0,218.1,218.1,218.1,218.0,217.9,217.8,217.6,224.0,224.5,224.5,224.5,224.4,224.3,224.2,224.0,223.9,223.7,233.5,233.2,232.8,232.5,232.1,231.7,231.3,230.8,230.4,231.1,230.6,230.2,229.8,229.5,229.2,229.0,228.8,228.7,227.8,227.4,226.7,224.7,223.8,223.0,221.5,220.3,218.8,215.7,214.3,212.2,210.2,209.8,209.4,208.9,204.6,204.20001,204.1,204.00002,204.00002
204.20001,203.90001,203.6,203.20001,202.90001,202.50002,202.1,201.6,201.1,200.40001,199.6,199.20001,199.00002,198.90001,235.6,235.4,235.2,235.0,219.8,219.5,219.2,218.9,218.5,217.8,212.9,211.5,211.1,205.6,204.30002,203.40001,202.6,202.00002,201.70001,201.50002,201.40001,201.30002,201.40001,231.1,230.6,230.2,229.8,229.5,229.2,229.0,228.8,228.7,227.9,227.4,226.9,225.0,223.8,223.0,222.0,220.6,214.1,213.1,211.2,210.2,209.7,209.3,208.9,208.5,204.70001,204.20001,203.90001,203.70001,231.0,230.9,230.8,220.1
203.70001,203.6,203.40001,203.20001,202.90001,202.70001,202.40001,202.20001,202.00002,201.90001,201.80002,201.70001,201.70001,201.80002,201.90001,202.00002,234.8,234.6,234.3,234.1,234.6,234.4,234.9,234.6,196.00002,196.00002,210.4,210.1,209.6,205.7,204.6,203.30002,202.6,202.00002,201.70001,201.50002,201.50002,201.50002,201.70001,201.90001,202.30002,202.70001,203.30002,204.1,204.30002,226.3,225.2,223.7,222.9,221.5,218.7,218.1,217.7,213.6,211.6,210.5,209.9,209.4,209.0,208.6,203.90001,230.2,230.2,230.1,231.4,231.3,231.3,231.2,231.1,231.1
207.1,206.0,203.40001,203.1,202.70001,202.30002,202.00002,201.70001,221.7,228.9,229.0,228.9,228.8,228.7,228.6,201.50002,201.6,201.6,201.50002,194.70001,194.70001,195.40001,195.40001,195.50002,195.50002,195.6,195.6,195.70001,195.80002,195.90001,195.90001,196.00002,196.1,205.2,203.90001,203.1,202.90001,202.80002,202.80002,203.00002,203.1,203.30002,203.70001,204.00002,204.40001,204.8,204.9,204.8,218.4,217.8,217.5,214.9,214.1,211.6,210.3,209.6,209.0,207.7,207.1,207.0,207.1,230.8,230.9,230.9,230.9,230.9,230.9,230.9,230.9,230.9
206.2,206.2,207.0,209.1,210.2,210.6,210.6,214.2,214.6,214.9,215.0,214.9,214.8,214.6,194.90001,194.90001,194.90001,194.90001,194.80002,194.80002,194.80002,194.80002,194.80002,194.80002,194.80002,194.80002,194.90001,194.90001,194.90001,195.00002,195.00002,195.00002,195.1,195.1,195.20001,195.20001,205.1,204.70001,204.50002,204.40001,204.40001,204.50002,204.70001,204.9,205.3,206.0,206.2,196.90001,196.90001,196.80002,214.2,213.4,211.7,210.4,209.6,208.7,207.8,207.2,206.8,206.5,206.2,205.9,205.5,227.7,227.5,227.4,227.4,227.6,228.5,232.2
211.8,211.1,206.6,206.2,205.8,205.4,204.9,204.1,203.70001,203.30002,203.1,203.00002,203.00002,203.1,203.30002,203.50002,203.70001,195.20001,195.1,195.1,195.1,195.1,195.1,195.1,195.1,195.1,195.1,195.1,195.1,195.20001,195.20001,195.20001,195.30002,195.40001,195.40001,195.50002,195.6,195.6,195.70001,205.9,205.8,205.9,206.0,206.1,206.3,206.7,197.20001,197.20001,197.30002,197.30002,197.30002,197.30002,213.0,212.2,210.9,209.5,208.9,208.3,230.4,231.0,231.6,230.1,230.6,231.1,231.6,230.7,230.5,230.0,229.4,228.9
212.5,211.8,207.0,206.3,205.7,204.70001,204.20001,203.6,203.1,202.6,202.40001,202.20001,202.1,202.1,202.20001,202.30002,202.40001,196.80002,196.90001,196.90001,196.90001,196.90001,196.90001,196.90001,196.90001,196.80002,196.80002,196.80002,196.80002,196.80002,196.80002,196.80002,196.80002,196.90001,196.80002,196.80002,195.80002,195.90001,196.00002,196.00002,196.1,207.7,207.3,207.2,207.1,207.0,196.6,196.70001,196.80002,196.90001,196.90001,197.90001,197.90001,197.00002,197.1,212.2,230.6,210.4,210.1,230.9,231.8,232.6,231.1,231.8,232.4,231.5,230.6,230.7,230.7,228.4
211.9,207.6,206.7,205.8,205.0,204.50002,204.00002,203.50002,202.90001,202.40001,201.80002,201.50002,201.20001,201.1,196.00002,196.00002,196.00002,195.90001,196.70001,196.80002,196.80002,196.90001,196.90001,196.90001,197.00002,197.1,197.1,197.20001,197.20001,197.30002,197.30002,197.40001,197.40001,197.50002,197.50002,197.6,197.6,197.70001,197.70001,197.70001,197.80002,197.70001,196.70001,210.6,208.6,208.5,208.3,197.20001,197.30002,197.40001,197.40001,197.50002,197.6,197.6,197.6,197.6,197.70001,197.70001,226.1,226.6,227.2,227.8,228.4,229.1,229.8,230.3,230.7,231.1,229.1,226.8
208.4,207.1,206.0,205.5,205.2,205.1,211.4,210.4,209.6,208.8,207.6,206.8,206.2,205.7,196.40001,196.40001,196.40001,196.40001,196.40001,196.40001,196.40001,196.50002,196.40001,196.40001,196.50002,196.50002,196.50002,196.50002,196.50002,196.6,196.6,196.6,197.70001,197.80002,197.90001,198.00002,198.1,198.20001,198.30002,198.30002,198.40001,198.50002,198.50002,198.40001,197.30002,212.9,212.1,211.2,197.80002,197.90001,198.00002,198.00002,198.1,198.1,198.1,198.1,198.1,198.1,198.1,198.1,198.20001,198.20001,198.20001,198.20001,198.20001,198.1,198.1,228.1,227.6,227.1
209.2,207.8,207.3,207.1,214.9,214.6,214.2,213.4,212.1,210.9,209.9,209.3,208.3,197.40001,197.40001,197.40001,197.40001,197.40001,197.40001,197.40001,197.40001,197.40001,197.30002,197.30002,197.30002,197.30002,197.30002,197.30002,197.30002,197.30002,197.30002,197.30002,197.30002,197.30002,197.30002,197.30002,197.40001,197.40001,197.40001,197.50002,198.6,198.70001,198.80002,198.90001,198.90001,197.80002,198.00002,198.1,198.20001,198.30002,198.40001,198.50002,198.6,198.6,198.6,198.6,198.6,198.6,198.50002,198.50002,198.40001,198.40001,198.40001,198.40001,198.40001,198.50002,198.50002,198.50002,198.40001,198.40001
210.9,209.2,208.4,208.1,208.2,209.1,218.2,217.9,217.1,213.4,213.2,212.9,198.40001,198.40001,198.40001,198.40001,198.40001,198.40001,198.40001,198.40001,198.40001,198.30002,198.30002,198.30002,198.30002,198.30002,198.30002,198.30002,198.30002,198.30002,198.20001,198.20001,198.20001,198.20001,198.20001,198.20001,198.20001,198.20001,198.30002,198.30002,198.30002,198.30002,198.40001,198.40001,198.40001,198.50002,198.50002,198.6,198.6,198.70001,198.80002,198.90001,199.00002,199.00002,199.1,199.1,199.00002,199.00002,198.90001,198.80002,198.70001,198.70001,198.6,198.6,198.6,198.70001,198.70001,198.80002,198.80002,198.80002
199.70001,199.80002,199.90001,199.90001,200.00002,200.00002,200.00002,199.90001,199.80002,199.70001,199.6,199.50002,199.50002,199.40001,199.40001,199.40001,199.40001,199.40001,199.40001,199.40001,199.40001,199.50002,199.50002,199.50002,199.50002,199.50002,199.50002,199.40001,199.40001,199.40001,199.30002,199.30002,199.20001,199.1,199.1,199.1,199.1,199.1,199.1,199.1,199.1,199.1,199.20001,199.20001,199.20001,199.20001,199.30002,199.30002,199.30002,199.30002,199.30002,199.40001,199.40001,199.50002,199.50002,199.50002,199.50002,199.40001,199.30002,199.20001,199.00002,198.90001,198.80002,198.80002,198.80002,199.90001,200.00002,199.00002,199.1,199.1
200.40001,200.50002,200.6,200.70001,200.80002,200.90001,200.90001,200.90001,200.90001,200.80002,200.80002,200.80002,200.80002,200.70001,200.70001,200.70001,200.70001,200.80002,200.80002,200.80002,200.90001,200.90001,200.90001,200.90001,200.80002,200.80002,200.80002,200.80002,200.70001,200.70001,200.6,200.50002,200.40001,200.30002,200.20001,200.1,200.1,200.00002,200.00002,199.90001,199.90001,199.90001,199.90001,200.00002,200.00002,200.00002,200.1,200.1,200.00002,200.00002,200.00002,200.00002,200.00002,200.00002,200.00002,200.00002,199.90001,199.80002,199.6,199.50002,199.30002,199.20001,199.1,199.00002,199.00002,199.00002,199.1,199.1,199.20001,199.20001
201.30002,201.40001,201.6,201.70001,201.80002,201.90001,201.90001,201.90001,201.90001,201.90001,201.90001,202.00002,202.00002,202.00002,202.00002,202.00002,202.00002,202.1,202.20001,202.30002,202.40001,202.40001,202.40001,202.40001,202.30002,202.20001,202.20001,202.1,202.1,202.00002,201.90001,201.80002,201.70001,201.6,201.50002,201.40001,201.40001,201.30002,201.20001,201.1,201.00002,201.00002,200.90001,200.90001,200.90001,200.90001,200.90001,200.90001,200.90001,200.90001,200.80002,200.80002,200.80002,200.70001,200.6,200.50002,200.30002,200.20001,200.00002,199.90001,199.80002,199.70001,199.50002,199.40001,199.40001,199.30002,225.7,225.2,224.8,224.4
202.30002,202.50002,202.6,202.70001,202.90001,203.00002,203.1,203.20001,203.20001,203.20001,203.20001,203.30002,203.30002,203.30002,203.30002,203.30002,203.40001,203.50002,203.70001,203.90001,204.00002,204.00002,204.00002,203.90001,203.80002,203.70001,203.6,203.50002,203.50002,203.50002,203.40001,203.30002,203.20001,203.20001,203.1,203.00002,202.90001,202.90001,202.80002,202.6,202.50002,202.40001,202.30002,202.20001,202.1,202.00002,202.00002,201.90001,201.90001,201.90001,201.80002,201.70001,201.6,201.40001,201.30002,201.1,201.00002,200.80002,200.70001,200.6,200.50002,200.30002,200.20001,200.1,199.90001,199.80002,199.6,199.50002,199.40001,199.20001
203.40001,203.50002,203.70001,203.90001,204.1,204.40001,204.50002,204.70001,204.70001,204.8,204.8,204.8,204.9,204.9,204.9,204.9,205.0,205.2,205.3,205.4,205.5,205.5,205.5,205.3,205.2,205.1,205.1,205.1,205.1,205.1,205.2,205.2,205.1,205.0,204.9,204.8,204.6,204.40001,204.30002,204.1,204.00002,203.90001,203.70001,203.6,203.50002,203.30002,203.20001,203.1,203.00002,202.90001,202.80002,202.70001,202.50002,202.30002,202.20001,202.00002,201.90001,201.80002,201.6,201.50002,201.30002,201.20001,201.00002,200.80002,200.6,200.40001,200.20001,200.00002,199.70001,199.50002
204.6,204.8,205.0,205.3,205.6,205.8,206.0,206.2,206.3,206.4,206.4,206.4,206.5,206.6,206.6,206.7,206.8,206.9,206.9,207.0,207.0,207.0,206.9,206.9,206.8,206.8,206.8,206.8,206.8,206.8,206.8,206.8,206.7,206.6,206.4,206.2,206.0,205.7,205.6,205.4,205.3,205.1,205.0,204.8,204.6,204.50002,204.30002,204.20001,204.1,204.1,204.00002,203.90001,203.70001,203.50002,203.30002,203.1,202.90001,202.80002,202.6,202.50002,202.20001,201.90001,201.70001,201.40001,201.20001,200.90001,200.70001,200.40001,200.1,199.80002
206.0,206.3,206.6,206.9,207.2,207.4,207.6,207.7,207.8,207.9,208.0,208.1,208.2,208.3,208.4,208.6,208.7,208.7,208.7,208.7,208.7,208.7,208.7,208.7,208.8,208.7,208.7,208.6,208.5,208.3,208.0,207.8,207.6,207.3,207.1,206.9,206.8,206.6,206.5,206.4,206.3,206.2,206.0,205.8,205.6,205.4,205.2,205.1,205.1,205.1,205.1,205.0,204.9,204.70001,204.50002,204.20001,204.00002,203.80002,203.6,203.30002,203.1,202.80002,202.50002,202.1,201.80002,201.50002,201.20001,200.90001,200.6,200.20001
207.7,208.0,208.3,208.6,208.8,209.0,209.2,209.3,209.5,209.6,209.7,209.8,210.0,210.2,210.4,210.6,210.7,210.7,210.6,210.6,210.5,210.5,210.5,210.5,210.5,210.3,210.2,209.9,209.7,209.4,209.1,208.8,208.5,208.2,207.9,207.7,207.5,207.4,207.2,207.1,219.7,219.6,219.2,206.6,206.5,206.3,206.1,206.0,205.8,205.8,205.8,205.8,205.8,205.7,205.4,205.1,204.8,204.6,204.40001,204.20001,204.00002,203.70001,203.40001,203.1,202.70001,202.30002,201.90001,201.50002,201.1,200.70001
209.3,209.6,209.9,210.2,210.4,210.6,210.8,210.9,211.1,211.3,211.4,211.6,211.8,212.1,212.3,212.5,212.5,212.5,212.4,212.3,212.2,212.1,212.0,211.8,211.6,211.4,211.1,210.9,210.7,210.5,210.3,210.1,209.8,218.9,219.3,219.6,219.7,219.7,219.7,219.9,220.1,220.5,220.7,220.6,220.3,219.9,219.6,219.3,219.0,218.6,217.6,217.1,206.2,206.2,206.0,205.8,205.5,205.3,205.1,205.0,204.8,204.6,204.30002,203.90001,203.50002,203.1,202.6,202.1,201.70001,201.30002
210.9,211.1,211.5,211.9,212.1,212.2,212.3,212.4,212.6,212.9,213.1,213.4,213.6,213.8,214.0,214.1,214.1,214.0,213.9,213.7,213.6,213.4,213.2,213.0,212.7,212.4,212.2,212.0,211.9,211.8,211.6,220.1,220.2,220.2,220.3,220.2,219.9,219.3,218.7,218.5,218.7,219.2,219.8,220.1,220.2,220.3,220.3,220.5,220.9,221.3,221.6,221.7,221.8,221.7,221.1,220.1,206.1,205.9,205.7,205.5,205.4,205.3,205.1,204.70001,204.30002,203.90001,203.40001,202.90001,202.40001,202.00002
212.6,212.9,213.2,213.5,213.7,213.8,213.8,214.0,214.3,214.5,214.8,215.0,215.2,215.3,215.4,215.5,215.4,215.3,215.1,214.9,214.7,214.4,214.2,214.1,213.9,213.8,213.7,213.5,213.3,222.4,222.1,221.8,221.2,220.2,219.3,218.5,217.8,217.1,216.7,216.5,216.5,216.5,216.6,216.6,216.4,216.3,216.3,216.8,217.5,218.9,221.4,223.0,223.6,223.9,224.1,224.1,223.8,222.9,221.5,220.8,206.1,205.9,205.7,205.4,205.0,204.6,204.1,203.6,203.20001,202.70001
