src/wind/output.json
{"header": {"discipline":0,"disciplineName":"Meteorological products","gribEdition":2,"gribLength":130499,"center":7,"centerName":"US National Weather Service - NCEP(WMC)","subcenter":0,"refTime":"2024-10-30T00:00:00.000Z","significanceOfRT":1,"significanceOfRTName":"Start of forecast","productStatus":0,"productStatusName":"Operational products","productType":1,"productTypeName":"Forecast products","productDefinitionTemplate":0,"productDefinitionTemplateName":"Analysis/forecast at horizontal level/layer at a point in time","parameterCategory":3,"parameterCategoryName":"Mass","parameterNumber":0,"parameterNumberName":"Pressure","parameterUnit":"Pa","genProcessType":2,"genProcessTypeName":"Forecast","forecastTime":0,"surface1Type":6,"surface1TypeName":"Maximum wind level","surface1Value":0.0,"surface2Type":255,"surface2TypeName":"Missing","surface2Value":0.0,"gridDefinitionTemplate":0,"gridDefinitionTemplateName":"Latitude_Longitude","numberPoints":65160,"shape":6,"shapeName":"Earth spherical with radius of 6,371,229.0 m","gridUnits":"degrees","resolution":48,"winds":"true","scanMode":64,"nx":360,"ny":181,"basicAngle":0,"subDivisions":0,"lo1":0.0,"la1":-90.0,"lo2":359.0,"la2":90.0,"dx":1.0,"dy":1.0}, "data":
[rows 130 to 155 of 181, columns 120 to 179 of 360]
24519.707,24861.307,25100.506,25296.506,25414.105,25503.707,25880.506,26477.307,27054.105,27418.906,26849.307,19450.906,19812.506,20373.307,21013.307,21290.906,21454.105,21666.105,21818.906,16414.105,16658.906,16769.307,16654.906,16434.105,16397.307,19155.707,19247.707,19465.307,20017.307,20936.506,18256.506,18530.105,18808.506,19078.906,19426.105,19793.307,20147.707,20496.506,20806.906,21010.906,21166.906,21311.707,21489.307,21766.105,22219.707,22950.906,24106.105,25621.307,27720.506,28024.506,28117.307,28162.906,15424.506,15974.906,16340.506,16515.707,16554.906,17058.906,34819.707,34249.305
24534.105,24769.307,24938.906,25079.707,25290.906,26038.105,29133.307,29450.906,28448.506,27286.906,24874.906,24234.105,17874.105,17971.707,18274.906,19602.906,19934.906,20013.307,15359.706,15717.307,15983.706,16210.906,16411.707,16603.707,17174.906,18002.105,18623.707,19239.707,20966.906,21617.307,21806.105,18089.307,18406.906,18758.906,19182.105,19498.906,19830.105,20260.506,20781.307,21059.707,21258.906,21541.307,21985.307,22590.105,23265.307,24227.707,26198.906,27057.307,27284.506,27349.307,27306.105,15245.307,15555.706,15882.906,16228.506,16586.906,17090.105,23527.707,31648.506,29946.906
23514.906,24874.105,26163.707,28061.307,28422.105,28464.506,28500.506,28108.506,26686.906,20112.506,20921.307,21469.307,21595.707,21822.105,17574.906,17634.906,17900.506,19081.307,15172.506,15460.506,15646.106,15847.706,16119.706,16470.906,16982.906,17371.707,17663.707,17926.906,17950.105,17664.506,17500.506,17691.707,18082.906,18478.906,19177.307,19709.307,20226.105,20920.506,21348.506,21684.506,21999.707,22342.906,22709.307,23061.307,23402.105,24636.506,26252.506,26386.906,26328.506,26111.707,15049.307,15266.906,15471.706,15770.106,16254.106,17091.707,17835.707,21044.506,24386.105,29094.105
24474.105,26562.906,27381.307,27370.906,27171.707,27061.307,27031.707,26831.707,19216.506,19262.105,19387.707,19552.506,19736.506,20126.906,21622.105,22179.707,22072.506,21645.307,15537.307,15611.706,15612.506,15658.906,15804.506,16058.106,16369.307,16671.707,16902.906,17080.506,17149.307,17114.105,24691.707,24619.707,24442.105,24226.105,23912.506,20522.906,21659.707,21904.506,22023.707,22094.906,22189.307,22323.707,22440.506,22461.307,22388.506,22496.506,23570.906,24232.506,24495.707,24696.506,25033.307,15341.307,15637.307,16000.506,16542.105,17432.506,18065.307,19654.105,22368.506,28944.506
26166.105,26288.506,26222.906,26046.105,25829.307,25638.906,25462.906,31491.707,19173.307,18950.906,18726.906,18840.506,19143.707,19515.707,20078.105,13514.106,13922.906,14323.706,14878.906,15536.506,15650.906,15606.106,15617.307,15722.106,15877.307,16026.106,16165.307,16309.307,16423.707,16497.307,16641.307,24631.707,24582.906,24506.906,24291.707,23822.906,22686.105,22108.506,21862.906,21517.307,21097.307,20731.707,20562.105,20456.506,20426.105,20521.307,24080.506,24455.707,24926.105,25710.906,29170.906,30364.506,31974.906,16261.307,16707.707,17488.506,18103.707,19218.105,21730.105,25242.105
25358.105,24968.506,24886.105,24920.506,24949.307,24986.105,29158.105,30169.307,30914.906,21475.707,18132.506,18368.506,19036.506,13400.506,13693.307,13925.307,14162.106,14386.106,14654.106,15267.706,22839.707,23404.506,23751.707,23762.105,15728.506,15808.506,15904.506,16014.106,16134.106,16270.106,16459.707,16810.906,17197.307,17489.307,17739.707,18032.506,18398.105,19847.707,20303.707,20147.707,19990.105,19977.307,20117.307,20359.707,24406.105,24917.307,25334.105,26880.506,29489.307,30792.506,32381.307,32602.906,32486.105,32146.105,31975.707,32394.105,18941.307,19988.506,21607.707,23006.906
23598.105,23715.707,24051.707,24443.707,24858.906,27576.506,28911.707,29363.707,30242.906,30100.506,18414.906,19652.506,19807.707,13622.106,14046.106,19754.906,20114.105,21486.906,22486.105,22947.707,22914.105,22866.906,22978.906,23092.506,23005.307,22866.906,22902.105,23196.506,16175.706,23747.707,23838.105,17196.506,17547.707,17785.307,17978.105,18201.307,18507.707,19739.707,23995.707,24190.906,24448.506,24716.506,25012.506,25585.307,27692.506,28268.506,28797.307,31805.307,32239.707,32566.105,32798.105,32672.506,32001.307,30767.707,30353.307,30521.307,31345.307,33434.906,21895.707,22529.307
22525.307,22829.307,23504.506,24574.906,27613.307,28322.906,28504.506,29739.707,30729.307,29978.105,18105.307,18492.506,18823.707,13920.506,14592.506,15577.307,19438.906,19781.307,20846.906,21530.906,21926.105,22006.105,21906.906,21812.506,21898.906,22137.307,22425.307,22938.105,23581.307,23959.707,24238.906,24546.105,24969.307,25502.906,26055.707,26366.906,26478.906,26414.105,26413.307,26692.506,27021.307,27225.307,27914.105,29615.707,30763.707,31901.307,33062.906,33766.105,34654.105,37614.105,38205.305,36821.305,34733.305,35577.305,29670.105,29052.506,29447.707,31699.707,33085.305,22310.906
21467.707,22579.707,24400.506,27557.307,27954.906,28220.506,29500.506,30462.906,29946.105,28991.707,27202.105,17928.506,17502.906,14306.106,14980.506,10779.706,10770.906,11757.307,12032.506,21229.307,21561.307,21594.906,21475.707,21571.707,22104.506,22662.906,22992.506,23315.707,23838.906,24294.906,24842.105,25631.707,26419.707,26831.707,27186.906,27518.906,27697.307,27740.506,28097.307,28837.307,29374.105,30098.906,31738.105,33279.707,34704.508,36067.707,36894.105,37051.707,36724.508,36671.707,36872.508,36277.305,33385.305,34161.305,35039.707,27818.906,28234.105,30176.506,32193.307,22456.506
23825.307,25958.906,27010.906,27398.906,27835.707,28678.906,30100.506,29775.707,28947.707,27761.307,17234.906,16746.906,15353.307,15048.506,14848.506,10778.906,10774.906,11906.906,12091.706,12086.106,21234.906,20586.105,20279.707,20940.506,21847.707,22710.105,30311.707,23635.707,24078.906,24776.506,25752.506,26634.906,26975.707,27335.707,28002.105,29006.906,29682.906,30074.906,30545.307,31254.105,32259.707,33142.906,33756.508,34125.305,34294.105,34217.305,33922.105,33710.105,33914.105,34565.305,35210.105,35642.105,10777.307,18310.906,18741.307,19563.707,28217.307,29788.506,31146.906,31613.307
26598.906,26941.307,27048.506,27329.307,28243.707,29630.906,29785.307,29242.105,28182.105,15534.906,15194.906,15137.307,15492.506,15934.906,32031.707,11862.906,12096.506,12556.506,13031.706,18178.906,18936.506,11935.706,19151.707,20115.707,21062.906,21940.506,29502.906,29343.707,22651.707,23232.506,26650.906,27527.707,28470.105,29162.906,30073.307,31398.906,34517.305,34906.906,34354.105,33894.105,33362.906,31310.105,29372.506,25740.506,25320.506,25199.707,25175.707,25466.906,10774.906,10774.906,10775.706,10775.706,10775.706,10776.506,19304.506,24759.707,28027.707,29566.105,30758.906,31677.307
26628.506,26894.906,26965.307,27270.105,28927.707,29354.906,29198.105,28426.105,15245.307,14822.906,14553.307,14488.506,15414.106,17216.506,40642.906,42146.105,43825.305,44837.305,13632.506,18754.906,19519.707,10775.706,10778.106,11842.106,28866.105,28040.506,28342.105,28688.506,29104.506,29586.906,30087.707,30397.307,30684.506,31444.506,34943.707,36290.105,36179.707,35549.305,21464.506,21750.906,22106.105,22442.105,49510.906,49340.508,24094.105,24100.506,10774.106,10774.106,10773.307,10773.307,10773.307,10774.106,10774.906,10774.906,23454.906,26023.707,28240.506,29649.307,30519.707,30940.506
25585.307,26190.906,26366.105,26431.707,20916.506,18980.506,18679.707,15912.506,15077.307,14429.307,13841.307,13594.106,13894.906,46178.105,46347.707,45428.508,12138.106,13565.307,14125.307,27467.707,29006.105,30346.906,30886.906,31190.906,31484.506,32042.906,32113.307,31854.105,31194.105,30931.707,30970.906,31238.906,32074.906,33260.508,34416.508,35750.105,19877.307,20094.906,20494.906,20958.906,21391.707,49451.707,49428.508,10772.506,10770.906,10770.906,10771.706,11608.506,10771.706,10771.706,10771.706,10772.506,15635.706,17104.506,23018.105,27696.506,29553.307,30154.906,30433.307,30574.105
24799.707,23831.707,21731.707,20690.105,12490.106,12407.706,18570.906,15206.906,14607.706,14047.706,13648.506,13573.307,47810.906,16615.707,16299.706,15433.307,27681.307,28791.707,30125.307,30306.906,30269.307,30563.707,31189.307,32224.506,33510.105,34178.105,34008.508,33351.707,31778.105,28800.506,28702.105,29590.105,30264.506,30198.105,17853.307,18307.707,18649.307,18818.105,18873.307,10761.307,10766.106,10771.706,49314.906,49170.906,41349.305,41066.906,41280.508,41594.105,12230.106,12496.506,13325.307,48952.508,18023.707,19492.506,26031.707,28916.506,30027.707,30446.105,30594.105,30741.307
22494.906,21792.506,20654.906,19089.307,19078.906,18872.506,15950.106,15800.506,15682.906,14444.506,13970.906,14097.307,15286.106,28078.906,28454.105,29475.707,31523.707,32412.506,32736.506,32521.307,31725.307,31258.906,31389.307,32038.906,32482.906,32201.307,31465.307,21833.307,22699.707,14165.307,15057.307,15384.506,15662.906,16131.706,16661.307,16700.506,16359.706,15684.506,10753.307,10753.307,10758.106,34721.305,35771.707,41746.105,41774.105,41769.305,41925.305,48549.305,38456.508,38590.906,48722.906,48775.707,25275.707,25800.506,27898.105,29651.707,30652.506,30897.307,30730.105,30542.105
22003.707,38602.105,39479.707,19243.707,19034.906,18700.506,17119.707,17042.906,17114.906,17110.105,27264.506,27730.105,28386.105,29241.307,30194.105,32159.707,32670.105,33195.707,33681.305,33998.105,33946.906,32464.506,28636.506,28257.307,28282.105,28406.105,10780.506,12000.506,13190.106,14745.307,15183.706,15450.106,15540.506,15416.506,15198.906,15057.307,14869.307,10758.106,10750.106,33085.305,33158.906,33596.508,34607.707,36710.906,39337.305,39318.105,38864.508,48243.707,48353.305,45614.105,46010.105,46596.508,15404.506,15441.307,29756.506,31263.707,31509.307,31074.105,30433.307,29943.707
37249.305,38002.906,37750.105,35935.707,29342.906,28623.707,18714.906,18882.105,35260.508,36174.906,36526.906,36877.305,37202.906,36866.105,35690.906,33001.305,32830.105,33038.105,33572.508,34128.508,34388.508,28087.707,27580.506,28025.307,29014.906,33139.707,35358.906,41176.508,46604.508,46551.707,13987.706,14250.106,32172.506,31708.506,31021.307,12139.706,10770.906,10762.906,46897.305,49402.906,47502.105,46905.305,47694.906,48314.906,48546.105,48435.707,13614.906,14185.307,14712.506,48394.105,48616.508,46427.707,31023.707,16597.307,23257.307,31422.105,31297.307,30594.906,29864.506,29078.906
31886.906,32449.307,32891.707,31698.105,28186.105,27546.906,27003.707,36246.105,36386.906,35853.305,32829.305,32368.506,32418.105,32497.307,32490.906,32275.707,31819.707,31347.707,30905.307,28858.906,27287.707,27806.906,29154.906,33370.105,34945.305,36596.508,39890.906,44830.105,49993.305,12581.307,32603.707,32585.307,31742.906,30901.307,30383.707,30149.307,30198.105,30313.307,47912.508,39262.906,40749.305,42298.906,35706.105,34843.707,48655.707,48654.105,37184.508,35110.906,32146.906,48346.105,48561.305,46199.707,30527.707,24773.307,24951.707,34776.508,34206.906,30362.105,28333.307,27598.906
32212.506,32300.506,20501.307,19363.707,19239.707,35126.906,36137.305,35640.508,31887.707,30472.506,30397.307,30618.105,30776.506,30527.707,29360.506,19743.707,19879.707,20142.105,21098.906,26622.906,28899.707,30411.707,38189.305,38946.105,39918.906,41570.906,10779.706,10779.706,32311.707,32823.707,32670.906,31099.707,30214.906,29075.707,28471.707,29900.506,30858.105,35949.305,35919.707,35510.906,35041.305,34594.906,34061.305,48211.707,48650.906,32516.506,31308.506,29735.707,29434.906,29548.506,29786.105,29989.307,30254.105,31069.307,32146.105,32374.906,31537.307,29440.506,27598.906,26666.906
32542.105,19258.105,19053.307,48058.906,46078.906,38490.906,34655.707,31074.105,30070.105,29611.707,29136.506,28294.906,25751.707,21522.906,18582.906,18767.707,19034.906,10758.906,11781.307,32134.105,36385.305,38141.305,39352.508,40440.508,10780.506,10779.706,32516.506,32814.906,32662.105,31386.906,30667.707,29723.707,28163.707,27558.105,27647.707,28398.105,32182.105,34042.906,34867.707,34783.707,34528.508,34571.707,35602.906,40445.305,41980.508,41563.707,41534.105,31219.707,31087.707,31639.707,32120.506,32237.307,32094.906,31732.506,31037.307,30066.906,29124.506,28118.105,27019.707,25435.707
19380.506,18746.105,47037.305,43037.305,39603.707,34711.707,30060.506,29137.307,28648.506,28169.307,26255.707,21507.707,20995.707,20908.506,20945.307,10769.307,10764.506,10758.906,34146.906,34868.508,35833.305,36818.105,10762.106,10765.307,33708.508,33580.508,33164.508,32462.105,30618.906,29912.506,29170.105,28123.707,27210.906,26886.105,27132.506,27898.906,29749.307,31987.707,32902.906,33208.508,33168.508,33165.305,33798.906,35927.707,37174.906,37577.305,34258.906,32994.105,32830.105,32919.707,33013.305,32973.305,32614.105,31477.307,29540.506,28029.307,27431.707,26505.307,24779.707,23383.707
39679.707,45379.707,43814.906,37760.508,33756.508,30136.506,28498.105,27450.105,26795.707,26356.506,26338.906,40604.508,36686.906,36382.906,36321.305,35684.508,34673.305,34555.707,34251.707,33675.707,47982.906,46187.707,40563.707,34379.707,34000.508,33350.105,32633.307,31342.105,29455.707,28728.506,27922.105,27091.707,26662.105,26414.906,26488.506,26894.906,27426.906,27936.506,28862.906,29557.307,29700.506,29699.707,29721.307,29825.307,30066.105,30562.906,31065.307,31203.707,31159.707,31075.707,30949.307,30691.707,30167.707,28837.307,27208.506,25606.906,23984.506,22738.906,22225.307,21704.506
43922.105,44295.707,36878.105,33502.105,30701.307,29020.506,27534.906,26750.105,26570.906,27726.906,34072.508,33974.105,34042.906,34387.707,34707.707,34730.105,34579.707,34318.105,33826.105,32966.105,39176.508,39938.105,39781.305,33513.305,32719.707,31931.707,30937.307,29328.506,28628.506,27954.906,27263.707,26918.105,26571.707,26180.506,25835.707,25744.506,26070.105,26618.906,27038.906,27254.105,27325.307,27300.506,27198.906,27018.906,26774.906,26570.105,26615.707,26927.707,27177.307,27190.105,27014.906,26659.707,26024.506,25086.105,24626.906,24134.105,23482.105,22810.105,22319.707,21835.707
44176.508,41649.305,34354.105,30565.307,28386.105,27284.506,26776.506,28091.707,31539.707,31300.506,31091.707,31005.307,31098.906,31487.707,32085.307,32525.307,32750.906,32680.506,32251.707,31703.707,31635.707,40518.105,33220.508,32574.105,31767.707,31012.506,29638.906,28809.307,28286.906,27894.906,27488.506,27173.307,26790.105,26242.105,25614.105,25169.307,25238.105,25813.307,26338.906,26552.506,26558.906,26448.506,26249.307,25960.506,25576.506,25289.307,25165.307,25089.307,25013.307,24848.506,24496.506,24107.707,23885.307,23778.906,23673.307,23485.307,23166.105,22832.506,22584.506,22393.307
42054.906,36210.906,30565.307,28273.307,27001.307,26178.105,32393.307,31191.707,30366.105,29681.307,28912.506,28118.105,27622.906,27719.707,28367.707,29256.506,30153.307,30961.307,31138.906,31076.506,31062.906,31515.707,32251.707,32036.506,31556.506,30988.506,30050.906,28938.105,28506.906,28310.105,28154.105,27727.707,27150.105,26521.307,25806.906,25127.707,24690.906,24697.307,25207.707,25657.307,25895.707,25925.307,25797.307,25544.506,25186.105,24940.506,24841.307,24765.307,24640.506,24394.906,23988.506,23446.906,22979.707,22847.707,22772.506,22718.906,22675.707,22648.506,22647.707,22678.906
39800.508,37749.305,29079.707,10781.307,10781.307,38553.305,29790.906,29011.707,28319.707,27303.707,26024.506,25771.707,25922.906,26310.906,26970.105,28326.105,29173.307,29558.906,29842.105,29850.105,29522.105,29294.105,29104.506,29849.307,31202.105,31298.906,31087.707,30703.707,29706.906,29323.707,29042.906,28662.906,27948.506,27262.906,26679.707,26028.506,25232.506,24537.307,24262.105,24309.307,24542.906,24794.906,24926.906,24914.906,24827.707,24740.506,24690.906,24678.105,24677.307,24653.307,24579.707,24446.105,24262.906,24056.506,23863.707,23720.506,23663.707,23706.105,23833.307,24014.906
